1	2010.02.15 14:00	sell	1	0.55	1.36095	1.36276	1.35643	0.00	10000.00
2	2010.02.15 16:47	modify	1	0.55	1.36095	1.36085	1.35643	0.00	10000.00
3	2010.02.15 17:39	s/l	1	0.55	1.36085	1.36085	1.35643	5.50	10005.50
4	2010.02.16 11:30	buy	2	1.71	1.36601	1.36368	1.37184	0.00	10005.50
5	2010.02.16 13:38	s/l	2	1.71	1.36368	1.36368	1.37184	-398.43	9607.07
6	2010.06.30 09:45	sell	3	0.47	1.22160	1.22361	1.21658	0.00	9607.07
7	2010.06.30 11:17	s/l	3	0.47	1.22361	1.22361	1.21658	-94.47	9512.60
8	2010.08.18 09:45	sell	4	0.45	1.28290	1.28497	1.27773	0.00	9512.60
9	2010.08.18 09:51	s/l	4	0.45	1.28497	1.28497	1.27773	-93.15	9419.45
10	2010.08.30 08:15	buy	5	0.47	1.27451	1.27254	1.27944	0.00	9419.45
11	2010.08.30 08:58	s/l	5	0.47	1.27254	1.27254	1.27944	-92.59	9326.86
12	2010.09.01 10:00	buy	6	0.43	1.27200	1.26987	1.27733	0.00	9326.86
13	2010.09.01 10:44	modify	6	0.43	1.27200	1.27210	1.27733	0.00	9326.86
14	2010.09.01 11:27	t/p	6	0.43	1.27733	1.27210	1.27733	229.19	9556.05
15	2010.09.06 15:00	buy	7	1.87	1.28850	1.28646	1.29360	0.00	9556.05
16	2010.09.07 01:04	s/l	7	1.87	1.28646	1.28646	1.29360	-397.08	9158.97
17	2010.09.20 08:45	buy	8	0.45	1.30852	1.30650	1.31357	0.00	9158.97
18	2010.09.20 09:35	modify	8	0.45	1.30852	1.30862	1.31357	0.00	9158.97
19	2010.09.20 13:57	s/l	8	0.45	1.30862	1.30862	1.31357	4.50	9163.47
20	2010.12.27 15:00	buy	9	1.60	1.31514	1.31285	1.32087	0.00	9163.47
21	2010.12.27 19:01	s/l	9	1.60	1.31285	1.31285	1.32087	-366.40	8797.07
22	2011.02.09 09:30	buy	10	0.36	1.36507	1.36265	1.37112	0.00	8797.07
23	2011.02.09 11:48	s/l	10	0.36	1.36265	1.36265	1.37112	-87.12	8709.95
24	2011.03.08 08:30	buy	11	0.41	1.39830	1.39622	1.40350	0.00	8709.95
25	2011.03.08 08:39	s/l	11	0.41	1.39622	1.39622	1.40350	-85.28	8624.67
26	2011.03.23 10:15	sell	12	0.37	1.41753	1.41980	1.41186	0.00	8624.67
27	2011.03.23 11:15	s/l	12	0.37	1.41980	1.41980	1.41186	-83.99	8540.68
28	2011.04.05 08:15	sell	13	0.56	1.41931	1.42083	1.41551	0.00	8540.68
29	2011.04.05 08:30	modify	13	0.56	1.41931	1.41921	1.41551	0.00	8540.68
30	2011.04.05 09:18	s/l	13	0.56	1.41921	1.41921	1.41551	5.60	8546.28
31	2011.04.12 08:15	sell	14	2.08	1.43919	1.44083	1.43509	0.00	8546.28
32	2011.04.12 09:11	s/l	14	2.08	1.44083	1.44083	1.43509	-341.12	8205.16
33	2011.08.24 08:15	buy	15	0.35	1.44161	1.43930	1.44739	0.00	8205.16
34	2011.08.24 10:00	s/l	15	0.35	1.43930	1.43930	1.44739	-80.85	8124.31
35	2011.09.08 10:30	sell	16	0.20	1.40645	1.40843	1.40150	0.00	8124.31
36	2011.09.08 12:49	modify	16	0.20	1.40645	1.40635	1.40150	0.00	8124.31
37	2011.09.08 13:35	t/p	16	0.20	1.40150	1.40635	1.40150	99.00	8223.31
38	2011.12.08 08:15	buy	17	0.93	1.34176	1.34001	1.34614	0.00	8223.31
39	2011.12.08 10:05	s/l	17	0.93	1.34001	1.34001	1.34614	-162.75	8060.56
40	2011.12.19 08:45	sell	18	0.41	1.30068	1.30264	1.29578	0.00	8060.56
41	2011.12.19 09:07	s/l	18	0.41	1.30264	1.30264	1.29578	-80.36	7980.20
42	2011.12.19 15:15	sell	19	0.38	1.30218	1.30428	1.29693	0.00	7980.20
43	2011.12.19 21:54	modify	19	0.38	1.30218	1.30208	1.29693	0.00	7980.20
44	2011.12.20 09:35	s/l	19	0.38	1.30208	1.30208	1.29693	4.76	7984.96
45	2012.03.07 08:00	sell	20	2.04	1.31391	1.31547	1.31001	0.00	7984.96
46	2012.03.07 11:22	s/l	20	2.04	1.31547	1.31547	1.31001	-318.24	7666.72
47	2012.03.08 09:00	buy	21	0.24	1.31786	1.31631	1.32174	0.00	7666.72
48	2012.03.08 10:31	modify	21	0.24	1.31786	1.31796	1.32174	0.00	7666.72
49	2012.03.08 10:36	t/p	21	0.24	1.32174	1.31796	1.32174	93.12	7759.84
50	2012.03.29 08:15	buy	22	0.74	1.33281	1.33074	1.33799	0.00	7759.84
51	2012.03.29 11:06	s/l	22	0.74	1.33074	1.33074	1.33799	-153.18	7606.66
52	2012.04.03 08:15	buy	23	0.38	1.33466	1.33269	1.33959	0.00	7606.66
53	2012.04.03 13:16	s/l	23	0.38	1.33269	1.33269	1.33959	-74.86	7531.80
54	2012.04.09 15:15	sell	24	0.38	1.30563	1.30761	1.30068	0.00	7531.80
55	2012.04.09 16:31	s/l	24	0.38	1.30761	1.30761	1.30068	-75.24	7456.56
56	2012.04.12 10:45	buy	25	0.14	1.31315	1.31066	1.31938	0.00	7456.56
57	2012.04.12 11:09	s/l	25	0.14	1.31066	1.31066	1.31938	-34.86	7421.70
58	2012.04.17 09:15	buy	26	0.33	1.31100	1.30879	1.31653	0.00	7421.70
59	2012.04.17 09:55	modify	26	0.33	1.31100	1.31110	1.31653	0.00	7421.70
60	2012.04.17 11:00	t/p	26	0.33	1.31653	1.31110	1.31653	182.49	7604.19
61	2012.05.10 10:15	sell	27	0.62	1.29446	1.29688	1.28841	0.00	7604.19
62	2012.05.10 15:12	s/l	27	0.62	1.29688	1.29688	1.28841	-150.04	7454.15
63	2012.05.17 08:45	sell	28	0.17	1.27264	1.27480	1.26724	0.00	7454.15
64	2012.05.17 12:19	modify	28	0.17	1.27264	1.27254	1.26724	0.00	7454.15
65	2012.05.17 13:26	t/p	28	0.17	1.26724	1.27254	1.26724	91.80	7545.95
66	2012.05.22 09:15	buy	29	1.95	1.27961	1.27807	1.28346	0.00	7545.95
67	2012.05.22 10:43	s/l	29	1.95	1.27807	1.27807	1.28346	-300.30	7245.65
68	2012.05.29 11:45	sell	30	0.30	1.25401	1.25635	1.24816	0.00	7245.65
69	2012.05.29 17:36	modify	30	0.30	1.25401	1.25391	1.24816	0.00	7245.65
70	2012.05.29 17:45	t/p	30	0.30	1.24816	1.25391	1.24816	175.50	7421.15
71	2012.06.19 08:30	sell	31	1.51	1.25960	1.26156	1.25470	0.00	7421.15
72	2012.06.19 09:16	s/l	31	1.51	1.26156	1.26156	1.25470	-295.96	7125.19
73	2012.06.26 09:00	sell	32	0.30	1.25010	1.25240	1.24435	0.00	7125.19
74	2012.06.26 09:39	s/l	32	0.30	1.25240	1.25240	1.24435	-69.00	7056.19
75	2012.06.27 08:45	sell	33	0.45	1.24880	1.25035	1.24493	0.00	7056.19
76	2012.06.27 15:09	modify	33	0.45	1.24880	1.24870	1.24493	0.00	7056.19
77	2012.06.27 17:18	t/p	33	0.45	1.24493	1.24870	1.24493	174.15	7230.34
78	2012.07.11 10:15	sell	34	1.85	1.22620	1.22776	1.22230	0.00	7230.34
79	2012.07.11 10:41	s/l	34	1.85	1.22776	1.22776	1.22230	-288.60	6941.74
80	2012.07.16 09:30	buy	35	0.38	1.22370	1.22188	1.22825	0.00	6941.74
81	2012.07.16 10:45	s/l	35	0.38	1.22188	1.22188	1.22825	-69.16	6872.58
82	2012.07.18 09:15	buy	36	0.42	1.22915	1.22754	1.23318	0.00	6872.58
83	2012.07.18 10:09	s/l	36	0.42	1.22754	1.22754	1.23318	-67.62	6804.96
84	2012.07.31 09:45	buy	37	0.34	1.22778	1.22579	1.23276	0.00	6804.96
85	2012.07.31 10:05	s/l	37	0.34	1.22579	1.22579	1.23276	-67.66	6737.30
86	2012.07.31 11:00	sell	38	0.32	1.22571	1.22777	1.22056	0.00	6737.30
87	2012.07.31 11:56	s/l	38	0.32	1.22777	1.22777	1.22056	-65.92	6671.38
88	2012.08.09 09:15	sell	39	0.13	1.23620	1.23866	1.23005	0.00	6671.38
89	2012.08.09 12:03	modify	39	0.13	1.23620	1.23610	1.23005	0.00	6671.38
90	2012.08.09 13:24	t/p	39	0.13	1.23005	1.23610	1.23005	79.95	6751.33
91	2012.08.13 09:45	sell	40	1.43	1.22776	1.22964	1.22306	0.00	6751.33
92	2012.08.13 11:00	s/l	40	1.43	1.22964	1.22964	1.22306	-268.84	6482.49
93	2012.08.15 11:45	sell	41	0.38	1.23236	1.23403	1.22819	0.00	6482.49
94	2012.08.15 12:09	modify	41	0.38	1.23236	1.23226	1.22819	0.00	6482.49
95	2012.08.15 12:20	t/p	41	0.38	1.22819	1.23226	1.22819	158.46	6640.95
96	2012.08.20 08:15	buy	42	1.25	1.23483	1.23272	1.24011	0.00	6640.95
97	2012.08.20 12:02	s/l	42	1.25	1.23272	1.23272	1.24011	-263.75	6377.20
98	2012.08.28 08:15	sell	43	0.39	1.24795	1.24957	1.24390	0.00	6377.20
99	2012.08.28 09:49	s/l	43	0.39	1.24957	1.24957	1.24390	-63.18	6314.02
100	2012.09.03 09:15	buy	44	0.33	1.25800	1.25609	1.26278	0.00	6314.02
101	2012.09.03 17:16	modify	44	0.33	1.25800	1.25810	1.26278	0.00	6314.02
102	2012.09.04 01:07	s/l	44	0.33	1.25810	1.25810	1.26278	0.55	6314.57
103	2012.10.02 08:30	buy	45	1.54	1.29130	1.28967	1.29538	0.00	6314.57
104	2012.10.02 08:58	s/l	45	1.54	1.28967	1.28967	1.29538	-251.02	6063.55
105	2012.10.03 08:15	sell	46	0.31	1.28867	1.29059	1.28387	0.00	6063.55
106	2012.10.03 09:41	s/l	46	0.31	1.29059	1.29059	1.28387	-59.52	6004.03
107	2012.10.11 08:00	sell	47	0.14	1.28581	1.28788	1.28064	0.00	6004.03
108	2012.10.11 10:10	s/l	47	0.14	1.28788	1.28788	1.28064	-28.98	5975.05
109	2012.10.18 10:45	buy	48	0.14	1.31033	1.30827	1.31548	0.00	5975.05
110	2012.10.18 16:17	s/l	48	0.14	1.30827	1.30827	1.31548	-28.84	5946.21
111	2012.11.06 16:15	sell	49	0.38	1.27995	1.28151	1.27605	0.00	5946.21
112	2012.11.06 17:37	s/l	49	0.38	1.28151	1.28151	1.27605	-59.28	5886.93
113	2012.11.14 08:45	buy	50	0.31	1.27217	1.27029	1.27687	0.00	5886.93
114	2012.11.14 10:52	modify	50	0.31	1.27217	1.27227	1.27687	0.00	5886.93
115	2012.11.14 20:00	t/p	50	0.31	1.27687	1.27227	1.27687	145.70	6032.63
116	2012.11.28 10:30	sell	51	1.14	1.29182	1.29392	1.28657	0.00	6032.63
117	2012.11.28 14:19	modify	51	1.14	1.29182	1.29172	1.28657	0.00	6032.63
118	2012.11.28 16:36	s/l	51	1.14	1.29172	1.29172	1.28657	11.40	6044.03
119	2012.11.29 09:00	buy	52	0.33	1.29636	1.29409	1.30204	0.00	6044.03
120	2012.11.29 13:47	modify	52	0.33	1.29636	1.29646	1.30204	0.00	6044.03
121	2012.11.29 17:41	s/l	52	0.33	1.29646	1.29646	1.30204	3.30	6047.33
122	2012.12.11 10:30	buy	53	0.68	1.29587	1.29366	1.30140	0.00	6047.33
123	2012.12.11 12:50	modify	53	0.68	1.29587	1.29597	1.30140	0.00	6047.33
124	2012.12.11 19:41	t/p	53	0.68	1.30140	1.29597	1.30140	376.04	6423.37
125	2013.01.09 10:30	sell	54	0.90	1.30796	1.30973	1.30354	0.00	6423.37
126	2013.01.09 12:42	modify	54	0.90	1.30796	1.30786	1.30354	0.00	6423.37
127	2013.01.09 17:56	s/l	54	0.90	1.30786	1.30786	1.30354	9.00	6432.37
128	2013.01.17 08:45	sell	55	0.36	1.32862	1.33081	1.32315	0.00	6432.37
129	2013.01.17 09:03	s/l	55	0.36	1.33081	1.33081	1.32315	-78.84	6353.53
130	2013.01.21 08:45	sell	56	0.39	1.33176	1.33335	1.32779	0.00	6353.53
131	2013.01.22 05:00	s/l	56	0.39	1.33335	1.33335	1.32779	-61.02	6292.51
132	2013.01.29 09:45	buy	57	0.28	1.34542	1.34319	1.35100	0.00	6292.51
133	2013.01.29 11:46	s/l	57	0.28	1.34319	1.34319	1.35100	-62.44	6230.07
134	2013.02.12 08:45	sell	58	0.28	1.33733	1.33953	1.33183	0.00	6230.07
135	2013.02.12 10:01	s/l	58	0.28	1.33953	1.33953	1.33183	-61.60	6168.47
136	2013.02.18 08:15	sell	59	0.33	1.33366	1.33549	1.32909	0.00	6168.47
137	2013.02.18 10:22	s/l	59	0.33	1.33549	1.33549	1.32909	-60.39	6108.08
138	2013.02.19 11:00	sell	60	0.35	1.33427	1.33600	1.32995	0.00	6108.08
139	2013.02.19 11:00	s/l	60	0.35	1.33600	1.33600	1.32995	-60.55	6047.53
140	2013.03.05 09:00	buy	61	0.26	1.30469	1.30240	1.31042	0.00	6047.53
141	2013.03.05 11:44	s/l	61	0.26	1.30240	1.30240	1.31042	-59.54	5987.99
142	2013.03.11 09:30	sell	62	0.36	1.30037	1.30199	1.29632	0.00	5987.99
143	2013.03.11 18:03	s/l	62	0.36	1.30199	1.30199	1.29632	-58.32	5929.67
144	2013.03.28 09:45	sell	63	0.14	1.27897	1.28103	1.27382	0.00	5929.67
145	2013.03.28 09:58	modify	63	0.14	1.27897	1.27887	1.27382	0.00	5929.67
146	2013.03.28 11:18	s/l	63	0.14	1.27887	1.27887	1.27382	1.40	5931.07
147	2013.04.15 10:00	sell	64	1.16	1.30742	1.30946	1.30232	0.00	5931.07
148	2013.04.15 14:18	s/l	64	1.16	1.30946	1.30946	1.30232	-236.64	5694.43
149	2013.04.22 08:15	sell	65	0.33	1.30575	1.30743	1.30155	0.00	5694.43
150	2013.04.22 09:04	s/l	65	0.33	1.30743	1.30743	1.30155	-55.44	5638.99
151	2013.04.22 09:30	sell	66	0.25	1.30554	1.30774	1.30004	0.00	5638.99
152	2013.04.22 14:54	modify	66	0.25	1.30554	1.30544	1.30004	0.00	5638.99
153	2013.04.22 18:40	s/l	66	0.25	1.30544	1.30544	1.30004	2.50	5641.49
154	2013.04.24 14:30	sell	67	1.05	1.29957	1.30170	1.29425	0.00	5641.49
155	2013.04.24 19:05	s/l	67	1.05	1.30170	1.30170	1.29425	-223.65	5417.84
156	2013.04.25 10:15	buy	68	0.15	1.30423	1.30246	1.30866	0.00	5417.84
157	2013.04.25 11:00	modify	68	0.15	1.30423	1.30433	1.30866	0.00	5417.84
158	2013.04.25 14:15	t/p	68	0.15	1.30866	1.30433	1.30866	66.45	5484.29
159	2013.04.29 08:15	buy	69	1.28	1.30577	1.30406	1.31005	0.00	5484.29
160	2013.04.29 09:24	modify	69	1.28	1.30577	1.30587	1.31005	0.00	5484.29
161	2013.04.29 14:03	t/p	69	1.28	1.31005	1.30587	1.31005	547.84	6032.13
162	2013.04.30 15:15	buy	70	0.73	1.30853	1.30649	1.31363	0.00	6032.13
163	2013.04.30 15:35	modify	70	0.73	1.30853	1.30863	1.31363	0.00	6032.13
164	2013.04.30 15:40	t/p	70	0.73	1.31363	1.30863	1.31363	372.30	6404.43
165	2013.05.02 10:15	buy	71	0.40	1.31676	1.31478	1.32171	0.00	6404.43
166	2013.05.02 13:45	s/l	71	0.40	1.31478	1.31478	1.32171	-79.20	6325.23
167	2013.05.06 10:45	sell	72	0.41	1.31067	1.31220	1.30685	0.00	6325.23
168	2013.05.06 16:24	modify	72	0.41	1.31067	1.31057	1.30685	0.00	6325.23
169	2013.05.06 16:26	t/p	72	0.41	1.30685	1.31057	1.30685	156.62	6481.85
170	2013.05.14 09:15	buy	73	1.62	1.30125	1.29965	1.30525	0.00	6481.85
171	2013.05.14 09:30	s/l	73	1.62	1.29965	1.29965	1.30525	-259.20	6222.65
172	2013.05.14 11:00	sell	74	0.36	1.29949	1.30120	1.29522	0.00	6222.65
173	2013.05.14 11:10	s/l	74	0.36	1.30120	1.30120	1.29522	-61.56	6161.09
174	2013.05.21 11:30	buy	75	0.26	1.28856	1.28622	1.29441	0.00	6161.09
175	2013.05.21 12:23	s/l	75	0.26	1.28622	1.28622	1.29441	-60.84	6100.25
176	2013.05.21 16:00	sell	76	0.40	1.28596	1.28746	1.28221	0.00	6100.25
177	2013.05.21 17:11	s/l	76	0.40	1.28746	1.28746	1.28221	-60.00	6040.25
178	2013.05.22 09:00	buy	77	0.39	1.29166	1.29013	1.29549	0.00	6040.25
179	2013.05.22 09:45	modify	77	0.39	1.29166	1.29176	1.29549	0.00	6040.25
180	2013.05.22 14:21	s/l	77	0.39	1.29176	1.29176	1.29549	3.90	6044.15
181	2013.06.12 15:45	buy	78	1.22	1.32857	1.32659	1.33352	0.00	6044.15
182	2013.06.12 17:00	modify	78	1.22	1.32857	1.32867	1.33352	0.00	6044.15
183	2013.06.12 17:47	t/p	78	1.22	1.33352	1.32867	1.33352	603.90	6648.05
184	2013.06.25 10:15	sell	79	0.86	1.31269	1.31462	1.30787	0.00	6648.05
185	2013.06.25 14:35	modify	79	0.86	1.31269	1.31259	1.30787	0.00	6648.05
186	2013.06.25 16:00	t/p	79	0.86	1.30787	1.31259	1.30787	414.52	7062.57
187	2013.07.04 09:15	sell	80	0.44	1.29863	1.30062	1.29366	0.00	7062.57
188	2013.07.04 11:56	s/l	80	0.44	1.30062	1.30062	1.29366	-87.56	6975.01
189	2013.07.10 14:15	sell	81	0.40	1.28125	1.28298	1.27693	0.00	6975.01
190	2013.07.10 15:58	s/l	81	0.40	1.28298	1.28298	1.27693	-69.20	6905.81
191	2013.07.23 16:15	buy	82	0.44	1.31936	1.31781	1.32324	0.00	6905.81
192	2013.07.23 16:41	modify	82	0.44	1.31936	1.31946	1.32324	0.00	6905.81
193	2013.07.23 20:51	t/p	82	0.44	1.32324	1.31946	1.32324	170.72	7076.53
194	2013.08.13 09:30	sell	83	1.20	1.32899	1.33133	1.32314	0.00	7076.53
195	2013.08.13 11:15	s/l	83	1.20	1.33133	1.33133	1.32314	-280.80	6795.73
196	2013.08.14 11:15	sell	84	0.32	1.32524	1.32730	1.32009	0.00	6795.73
197	2013.08.15 04:09	s/l	84	0.32	1.32730	1.32730	1.32009	-63.49	6732.24
198	2013.08.22 16:30	sell	85	0.16	1.33300	1.33506	1.32785	0.00	6732.24
199	2013.08.22 17:06	s/l	85	0.16	1.33506	1.33506	1.32785	-32.96	6699.28
200	2013.08.28 11:30	buy	86	0.40	1.33763	1.33597	1.34178	0.00	6699.28
201	2013.08.28 12:33	s/l	86	0.40	1.33597	1.33597	1.34178	-66.40	6632.88
202	2013.09.02 10:00	sell	87	0.37	1.32101	1.32276	1.31664	0.00	6632.88
203	2013.09.03 07:19	modify	87	0.37	1.32101	1.32091	1.31664	0.00	6632.88
204	2013.09.03 08:30	t/p	87	0.37	1.31664	1.32091	1.31664	162.63	6795.51
205	2013.09.11 10:15	buy	88	1.70	1.32661	1.32502	1.33059	0.00	6795.51
206	2013.09.11 15:53	modify	88	1.70	1.32661	1.32671	1.33059	0.00	6795.51
207	2013.09.11 17:02	t/p	88	1.70	1.33059	1.32671	1.33059	676.60	7472.11
208	2013.09.23 14:30	buy	89	1.02	1.35152	1.34969	1.35610	0.00	7472.11
209	2013.09.23 15:17	s/l	89	1.02	1.34969	1.34969	1.35610	-186.66	7285.45
210	2013.09.26 15:30	sell	90	0.24	1.34922	1.35073	1.34545	0.00	7285.45
211	2013.09.26 16:00	s/l	90	0.24	1.35073	1.35073	1.34545	-36.24	7249.21
212	2013.10.07 14:00	sell	91	0.43	1.35668	1.35836	1.35248	0.00	7249.21
213	2013.10.07 17:17	s/l	91	0.43	1.35836	1.35836	1.35248	-72.24	7176.97
214	2013.10.08 15:45	buy	92	0.31	1.35953	1.35724	1.36526	0.00	7176.97
215	2013.10.08 18:46	s/l	92	0.31	1.35724	1.35724	1.36526	-70.99	7105.98
216	2013.10.23 15:00	buy	93	0.44	1.37630	1.37472	1.38025	0.00	7105.98
217	2013.10.23 15:48	modify	93	0.44	1.37630	1.37640	1.38025	0.00	7105.98
218	2013.10.23 16:12	s/l	93	0.44	1.37640	1.37640	1.38025	4.40	7110.38
219	2013.11.06 08:45	buy	94	1.57	1.35089	1.34908	1.35542	0.00	7110.38
220	2013.11.06 09:26	s/l	94	1.57	1.34908	1.34908	1.35542	-284.17	6826.21
221	2013.11.12 09:45	sell	95	0.32	1.33736	1.33944	1.33216	0.00	6826.21
222	2013.11.12 11:53	s/l	95	0.32	1.33944	1.33944	1.33216	-66.56	6759.65
223	2013.11.14 09:15	buy	96	0.19	1.34685	1.34509	1.35125	0.00	6759.65
224	2013.11.14 10:37	s/l	96	0.19	1.34509	1.34509	1.35125	-33.44	6726.21
225	2013.11.14 16:00	buy	97	0.17	1.34559	1.34368	1.35037	0.00	6726.21
226	2013.11.14 16:31	s/l	97	0.17	1.34368	1.34368	1.35037	-32.47	6693.74
227	2013.11.19 10:00	buy	98	0.33	1.35196	1.34995	1.35699	0.00	6693.74
228	2013.11.19 11:06	s/l	98	0.33	1.34995	1.34995	1.35699	-66.33	6627.41
229	2013.11.19 15:45	buy	99	0.36	1.35175	1.34995	1.35625	0.00	6627.41
230	2013.11.19 15:57	s/l	99	0.36	1.34995	1.34995	1.35625	-64.80	6562.61
231	2013.11.20 15:30	buy	100	0.43	1.35377	1.35225	1.35757	0.00	6562.61
232	2013.11.20 16:20	s/l	100	0.43	1.35225	1.35225	1.35757	-65.36	6497.25
233	2013.12.02 08:45	buy	101	0.35	1.36124	1.35941	1.36582	0.00	6497.25
234	2013.12.02 09:32	s/l	101	0.35	1.35941	1.35941	1.36582	-64.05	6433.20
235	2013.12.11 10:00	buy	102	0.26	1.37631	1.37392	1.38229	0.00	6433.20
236	2013.12.11 16:49	modify	102	0.26	1.37631	1.37641	1.38229	0.00	6433.20
237	2013.12.12 10:50	s/l	102	0.26	1.37641	1.37641	1.38229	-3.91	6429.29
238	2013.12.12 16:00	buy	103	0.15	1.37754	1.37544	1.38279	0.00	6429.29
239	2013.12.12 16:04	s/l	103	0.15	1.37544	1.37544	1.38279	-31.50	6397.79
240	2013.12.16 10:30	buy	104	0.25	1.37724	1.37477	1.38342	0.00	6397.79
241	2013.12.16 18:21	s/l	104	0.25	1.37477	1.37477	1.38342	-61.75	6336.04
242	2013.12.26 16:45	buy	105	0.18	1.36977	1.36809	1.37397	0.00	6336.04
243	2013.12.27 03:51	modify	105	0.18	1.36977	1.36987	1.37397	0.00	6336.04
244	2013.12.27 04:10	t/p	105	0.18	1.37397	1.36987	1.37397	74.10	6410.14
245	2013.12.31 15:30	sell	106	1.13	1.37694	1.37920	1.37129	0.00	6410.14
246	2014.01.02 08:42	modify	106	1.13	1.37694	1.37684	1.37129	0.00	6410.14
247	2014.01.02 12:01	t/p	106	1.13	1.37129	1.37684	1.37129	649.91	7060.05
248	2014.01.14 11:45	buy	107	0.87	1.36802	1.36601	1.37305	0.00	7060.05
249	2014.01.14 14:30	s/l	107	0.87	1.36601	1.36601	1.37305	-174.87	6885.18
250	2014.01.14 15:30	buy	108	0.42	1.36736	1.36573	1.37144	0.00	6885.18
251	2014.01.15 02:34	s/l	108	0.42	1.36573	1.36573	1.37144	-71.96	6813.22
252	2014.01.16 08:30	sell	109	0.16	1.36069	1.36275	1.35554	0.00	6813.22
253	2014.01.16 10:33	s/l	109	0.16	1.36275	1.36275	1.35554	-32.96	6780.26
254	2014.01.21 09:00	sell	110	0.37	1.35465	1.35645	1.35015	0.00	6780.26
255	2014.01.21 12:59	modify	110	0.37	1.35465	1.35455	1.35015	0.00	6780.26
256	2014.01.21 16:59	s/l	110	0.37	1.35455	1.35455	1.35015	3.70	6783.96
257	2014.01.22 09:00	sell	111	1.16	1.35444	1.35676	1.34864	0.00	6783.96
258	2014.01.22 13:43	s/l	111	1.16	1.35676	1.35676	1.34864	-269.12	6514.84
259	2014.01.28 16:45	sell	112	0.36	1.36570	1.36750	1.36120	0.00	6514.84
260	2014.01.29 09:30	s/l	112	0.36	1.36750	1.36750	1.36120	-63.89	6450.95
261	2014.02.04 15:15	sell	113	0.33	1.35118	1.35310	1.34638	0.00	6450.95
262	2014.02.05 14:00	s/l	113	0.33	1.35310	1.35310	1.34638	-62.52	6388.43
263	2014.02.17 10:15	buy	114	0.32	1.37136	1.36940	1.37626	0.00	6388.43
264	2014.02.17 14:24	s/l	114	0.32	1.36940	1.36940	1.37626	-62.72	6325.71
265	2014.02.18 11:45	buy	115	0.27	1.37278	1.37050	1.37848	0.00	6325.71
266	2014.02.18 15:11	modify	115	0.27	1.37278	1.37288	1.37848	0.00	6325.71
267	2014.02.19 20:20	s/l	115	0.27	1.37288	1.37288	1.37848	0.45	6326.15
268	2014.03.17 10:00	buy	116	1.15	1.39046	1.38826	1.39596	0.00	6326.15
269	2014.03.17 14:48	modify	116	1.15	1.39046	1.39056	1.39596	0.00	6326.15
270	2014.03.18 10:15	s/l	116	1.15	1.39056	1.39056	1.39596	1.90	6328.06
271	2014.03.24 15:15	sell	117	0.85	1.37678	1.37863	1.37216	0.00	6328.06
272	2014.03.24 16:55	s/l	117	0.85	1.37863	1.37863	1.37216	-157.25	6170.81
273	2014.03.25 16:30	sell	118	0.29	1.37853	1.38062	1.37331	0.00	6170.81
274	2014.03.25 17:15	modify	118	0.29	1.37853	1.37843	1.37331	0.00	6170.81
275	2014.03.25 17:30	s/l	118	0.29	1.37843	1.37843	1.37331	2.90	6173.71
276	2014.04.14 10:15	sell	119	1.63	1.38483	1.38634	1.38106	0.00	6173.71
277	2014.04.14 10:49	modify	119	1.63	1.38483	1.38473	1.38106	0.00	6173.71
278	2014.04.14 14:35	t/p	119	1.63	1.38106	1.38473	1.38106	614.51	6788.22
279	2014.05.14 11:45	sell	120	1.09	1.37124	1.37279	1.36737	0.00	6788.22
280	2014.05.15 09:10	modify	120	1.09	1.37124	1.37114	1.36737	0.00	6788.22
281	2014.05.15 09:53	t/p	120	1.09	1.36737	1.37114	1.36737	430.12	7218.34
282	2014.05.20 16:45	sell	121	1.20	1.36912	1.37062	1.36537	0.00	7218.34
283	2014.05.21 02:38	s/l	121	1.20	1.37062	1.37062	1.36537	-176.96	7041.38
284	2014.05.22 09:15	sell	122	0.21	1.36629	1.36790	1.36227	0.00	7041.38
285	2014.05.22 09:39	s/l	122	0.21	1.36790	1.36790	1.36227	-33.81	7007.57
286	2014.05.29 15:00	sell	123	0.14	1.36023	1.36273	1.35398	0.00	7007.57
287	2014.05.30 15:14	s/l	123	0.14	1.36273	1.36273	1.35398	-34.64	6972.93
288	2014.06.11 16:15	sell	124	0.36	1.35313	1.35506	1.34831	0.00	6972.93
289	2014.06.12 16:43	s/l	124	0.36	1.35506	1.35506	1.34831	-66.74	6906.19
290	2014.08.27 15:45	sell	125	0.42	1.31722	1.31885	1.31315	0.00	6906.19
291	2014.08.27 16:15	s/l	125	0.42	1.31885	1.31885	1.31315	-68.46	6837.73
292	2014.09.10 08:45	buy	126	0.38	1.29397	1.29221	1.29837	0.00	6837.73
293	2014.09.10 14:36	s/l	126	0.38	1.29221	1.29221	1.29837	-66.88	6770.85
294	2014.09.17 16:00	buy	127	0.42	1.29661	1.29501	1.30061	0.00	6770.85
295	2014.09.17 17:16	s/l	127	0.42	1.29501	1.29501	1.30061	-67.20	6703.65
296	2014.10.02 11:45	buy	128	0.21	1.26413	1.26255	1.26808	0.00	6703.65
297	2014.10.02 14:30	s/l	128	0.21	1.26255	1.26255	1.26808	-33.18	6670.47
298	2014.10.08 09:15	buy	129	0.28	1.26450	1.26215	1.27038	0.00	6670.47
299	2014.10.08 11:15	modify	129	0.28	1.26450	1.26460	1.27038	0.00	6670.47
300	2014.10.08 13:47	s/l	129	0.28	1.26460	1.26460	1.27038	2.80	6673.27
301	2014.10.13 15:30	buy	130	1.51	1.26918	1.26742	1.27358	0.00	6673.27
302	2014.10.13 17:21	s/l	130	1.51	1.26742	1.26742	1.27358	-265.76	6407.51
303	2014.10.20 15:00	sell	131	0.33	1.27670	1.27859	1.27198	0.00	6407.51
304	2014.10.20 17:33	s/l	131	0.33	1.27859	1.27859	1.27198	-62.37	6345.14
305	2014.11.04 08:30	sell	132	0.37	1.25028	1.25197	1.24606	0.00	6345.14
306	2014.11.04 11:17	s/l	132	0.37	1.25197	1.25197	1.24606	-62.53	6282.61
307	2014.11.04 15:15	sell	133	0.37	1.25106	1.25273	1.24689	0.00	6282.61
308	2014.11.04 16:17	s/l	133	0.37	1.25273	1.25273	1.24689	-61.79	6220.82
309	2014.11.06 11:45	buy	134	0.17	1.25200	1.25021	1.25648	0.00	6220.82
310	2014.11.06 14:33	s/l	134	0.17	1.25021	1.25021	1.25648	-30.43	6190.39
311	2014.12.17 09:15	buy	135	0.32	1.24923	1.24733	1.25398	0.00	6190.39
312	2014.12.17 09:55	s/l	135	0.32	1.24733	1.24733	1.25398	-60.80	6129.59
313	2014.12.22 14:45	sell	136	0.40	1.22570	1.22722	1.22190	0.00	6129.59
314	2014.12.22 21:50	modify	136	0.40	1.22570	1.22560	1.22190	0.00	6129.59
315	2014.12.22 21:59	t/p	136	0.40	1.22190	1.22560	1.22190	152.00	6281.59
316	2014.12.29 09:45	sell	137	1.30	1.21739	1.21932	1.21257	0.00	6281.59
317	2014.12.29 11:20	s/l	137	1.30	1.21932	1.21932	1.21257	-250.90	6030.69
318	2015.01.13 09:15	buy	138	0.37	1.18384	1.18223	1.18787	0.00	6030.69
319	2015.01.13 10:43	s/l	138	0.37	1.18223	1.18223	1.18787	-59.57	5971.12
320	2015.01.15 10:15	sell	139	0.13	1.17647	1.17875	1.17077	0.00	5971.12
321	2015.01.15 11:31	modify	139	0.13	1.17647	1.17637	1.17077	0.00	5971.12
322	2015.01.15 11:31	t/p	139	0.13	1.17077	1.17637	1.17077	74.10	6045.22
323	2015.01.20 10:15	sell	140	1.37	1.15765	1.15941	1.15325	0.00	6045.22
324	2015.01.20 11:37	s/l	140	1.37	1.15941	1.15941	1.15325	-241.12	5804.10
325	2015.01.20 15:15	sell	141	0.33	1.15785	1.15956	1.15358	0.00	5804.10
326	2015.01.20 15:25	s/l	141	0.33	1.15956	1.15956	1.15358	-56.43	5747.67
327	2015.01.21 09:15	sell	142	0.31	1.15688	1.15869	1.15236	0.00	5747.67
328	2015.01.21 14:55	s/l	142	0.31	1.15869	1.15869	1.15236	-56.11	5691.56
329	2015.02.02 10:30	buy	143	0.29	1.13235	1.13044	1.13713	0.00	5691.56
330	2015.02.02 11:59	modify	143	0.29	1.13235	1.13245	1.13713	0.00	5691.56
331	2015.02.02 13:25	s/l	143	0.29	1.13245	1.13245	1.13713	2.90	5694.46
332	2015.02.03 09:00	buy	144	1.49	1.13388	1.13236	1.13768	0.00	5694.46
333	2015.02.03 10:01	s/l	144	1.49	1.13236	1.13236	1.13768	-226.48	5467.98
334	2015.02.10 10:30	sell	145	0.30	1.13188	1.13368	1.12738	0.00	5467.98
335	2015.02.10 11:27	modify	145	0.30	1.13188	1.13178	1.12738	0.00	5467.98
336	2015.02.10 13:50	t/p	145	0.30	1.12738	1.13178	1.12738	135.00	5602.98
337	2015.02.12 16:30	buy	146	0.46	1.13514	1.13272	1.14119	0.00	5602.98
338	2015.02.12 16:48	modify	146	0.46	1.13514	1.13524	1.14119	0.00	5602.98
339	2015.02.12 18:40	t/p	146	0.46	1.14119	1.13524	1.14119	278.30	5881.28
340	2015.02.17 08:45	sell	147	0.84	1.13504	1.13678	1.13069	0.00	5881.28
341	2015.02.17 11:08	s/l	147	0.84	1.13678	1.13678	1.13069	-146.16	5735.12
342	2015.02.18 15:15	sell	148	0.32	1.13716	1.13890	1.13281	0.00	5735.12
343	2015.02.18 17:13	modify	148	0.32	1.13716	1.13706	1.13281	0.00	5735.12
344	2015.02.18 21:00	s/l	148	0.32	1.13706	1.13706	1.13281	3.20	5738.32
345	2015.03.18 10:45	buy	149	1.17	1.06096	1.05901	1.06584	0.00	5738.32
346	2015.03.18 14:51	s/l	149	1.17	1.05901	1.05901	1.06584	-228.15	5510.17
347	2015.03.18 16:00	buy	150	0.22	1.06114	1.05871	1.06722	0.00	5510.17
348	2015.03.18 18:02	modify	150	0.22	1.06114	1.06124	1.06722	0.00	5510.17
349	2015.03.18 20:00	t/p	150	0.22	1.06722	1.06124	1.06722	133.76	5643.93
350	2015.04.07 08:00	sell	151	1.00	1.09238	1.09462	1.08678	0.00	5643.93
351	2015.04.07 08:58	s/l	151	1.00	1.09462	1.09462	1.08678	-224.00	5419.93
352	2015.04.08 14:30	sell	152	0.26	1.08561	1.08767	1.08046	0.00	5419.93
353	2015.04.08 15:32	s/l	152	0.26	1.08767	1.08767	1.08046	-53.56	5366.37
354	2015.04.15 09:30	buy	153	0.24	1.06461	1.06244	1.07004	0.00	5366.37
355	2015.04.15 10:23	s/l	153	0.24	1.06244	1.06244	1.07004	-52.08	5314.29
356	2015.04.20 09:30	buy	154	0.30	1.07898	1.07724	1.08333	0.00	5314.29
357	2015.04.20 10:06	s/l	154	0.30	1.07724	1.07724	1.08333	-52.20	5262.09
358	2015.04.23 08:00	sell	155	0.15	1.07024	1.07196	1.06594	0.00	5262.09
359	2015.04.23 10:02	modify	155	0.15	1.07024	1.07014	1.06594	0.00	5262.09
360	2015.04.23 11:04	s/l	155	0.15	1.07014	1.07014	1.06594	1.50	5263.59
361	2015.07.29 16:30	sell	156	0.87	1.10352	1.10594	1.09747	0.00	5263.59
362	2015.07.29 21:00	s/l	156	0.87	1.10594	1.10594	1.09747	-210.54	5053.05
363	2015.08.17 14:00	sell	157	0.29	1.10862	1.11034	1.10432	0.00	5053.05
364	2015.08.17 14:50	s/l	157	0.29	1.11034	1.11034	1.10432	-49.88	5003.17
365	2015.08.18 10:30	sell	158	0.29	1.10653	1.10821	1.10233	0.00	5003.17
366	2015.08.18 10:54	s/l	158	0.29	1.10821	1.10821	1.10233	-48.72	4954.45
367	2015.08.18 11:45	sell	159	0.22	1.10731	1.10955	1.10171	0.00	4954.45
368	2015.08.18 15:40	modify	159	0.22	1.10731	1.10721	1.10171	0.00	4954.45
369	2015.08.19 09:40	s/l	159	0.22	1.10721	1.10721	1.10171	2.76	4957.21
370	2015.09.03 09:30	sell	160	0.65	1.12218	1.12370	1.11838	0.00	4957.21
371	2015.09.03 10:05	s/l	160	0.65	1.12370	1.12370	1.11838	-98.80	4858.41
372	2015.09.24 08:00	buy	161	0.15	1.11923	1.11764	1.12321	0.00	4858.41
373	2015.09.24 09:38	modify	161	0.15	1.11923	1.11933	1.12321	0.00	4858.41
374	2015.09.24 11:10	s/l	161	0.15	1.11933	1.11933	1.12321	1.50	4859.91
375	2015.10.13 15:30	buy	162	1.12	1.13865	1.13692	1.14298	0.00	4859.91
376	2015.10.13 17:02	s/l	162	1.12	1.13692	1.13692	1.14298	-193.76	4666.15
377	2015.10.14 15:15	buy	163	0.27	1.14096	1.13924	1.14526	0.00	4666.15
378	2015.10.14 15:30	modify	163	0.27	1.14096	1.14106	1.14526	0.00	4666.15
379	2015.10.14 16:47	s/l	163	0.27	1.14106	1.14106	1.14526	2.70	4668.85
380	2015.10.19 10:15	sell	164	0.89	1.13584	1.13793	1.13062	0.00	4668.85
381	2015.10.19 12:37	modify	164	0.89	1.13584	1.13574	1.13062	0.00	4668.85
382	2015.10.19 17:59	t/p	164	0.89	1.13062	1.13574	1.13062	464.58	5133.43
383	2015.10.27 10:00	sell	165	0.72	1.10549	1.10725	1.10109	0.00	5133.43
384	2015.10.27 14:25	s/l	165	0.72	1.10725	1.10725	1.10109	-126.72	5006.71
385	2015.10.28 10:45	sell	166	0.30	1.10362	1.10525	1.09955	0.00	5006.71
386	2015.10.28 11:07	s/l	166	0.30	1.10525	1.10525	1.09955	-48.90	4957.81
387	2015.11.10 10:15	sell	167	0.27	1.07475	1.07657	1.07020	0.00	4957.81
388	2015.11.10 14:49	modify	167	0.27	1.07475	1.07465	1.07020	0.00	4957.81
389	2015.11.10 14:54	t/p	167	0.27	1.07020	1.07465	1.07020	122.85	5080.66
390	2015.11.11 10:00	buy	168	1.09	1.07489	1.07303	1.07954	0.00	5080.66
391	2015.11.11 13:17	s/l	168	1.09	1.07303	1.07303	1.07954	-202.74	4877.92
392	2015.11.16 15:15	sell	169	0.31	1.07229	1.07384	1.06842	0.00	4877.92
393	2015.11.16 15:37	s/l	169	0.31	1.07384	1.07384	1.06842	-48.05	4829.87
394	2015.11.18 14:15	buy	170	0.31	1.06716	1.06563	1.07099	0.00	4829.87
395	2015.11.18 16:00	s/l	170	0.31	1.06563	1.06563	1.07099	-47.43	4782.44
396	2015.11.19 11:00	buy	171	0.10	1.06882	1.06647	1.07470	0.00	4782.44
397	2015.11.19 16:25	modify	171	0.10	1.06882	1.06892	1.07470	0.00	4782.44
398	2015.11.19 18:09	t/p	171	0.10	1.07470	1.06892	1.07470	58.80	4841.24
399	2015.12.01 10:15	sell	172	1.11	1.05779	1.05952	1.05347	0.00	4841.24
400	2015.12.01 10:46	s/l	172	1.11	1.05952	1.05952	1.05347	-192.03	4649.21
401	2015.12.14 09:15	sell	173	0.30	1.09585	1.09735	1.09210	0.00	4649.21
402	2015.12.14 13:25	s/l	173	0.30	1.09735	1.09735	1.09210	-45.00	4604.21
403	2015.12.16 16:30	sell	174	0.29	1.09260	1.09414	1.08875	0.00	4604.21
404	2015.12.16 17:58	s/l	174	0.29	1.09414	1.09414	1.08875	-44.66	4559.55
405	2015.12.21 15:15	buy	175	0.26	1.08708	1.08534	1.09143	0.00	4559.55
406	2015.12.21 15:44	modify	175	0.26	1.08708	1.08718	1.09143	0.00	4559.55
407	2015.12.21 17:27	t/p	175	0.26	1.09143	1.08718	1.09143	113.10	4672.65
408	2016.02.03 14:45	buy	176	0.88	1.09295	1.09084	1.09823	0.00	4672.65
409	2016.02.03 15:24	modify	176	0.88	1.09295	1.09305	1.09823	0.00	4672.65
410	2016.02.03 16:45	t/p	176	0.88	1.09823	1.09305	1.09823	464.64	5137.29
411	2016.02.08 10:15	buy	177	0.84	1.11485	1.11333	1.11865	0.00	5137.29
412	2016.02.08 11:17	modify	177	0.84	1.11485	1.11495	1.11865	0.00	5137.29
413	2016.02.08 13:08	s/l	177	0.84	1.11495	1.11495	1.11865	8.40	5145.69
414	2016.02.17 15:15	sell	178	0.80	1.11355	1.11515	1.10955	0.00	5145.69
415	2016.02.17 16:15	modify	178	0.80	1.11355	1.11345	1.10955	0.00	5145.69
416	2016.02.17 16:44	s/l	178	0.80	1.11345	1.11345	1.10955	8.00	5153.69
417	2016.02.18 10:00	sell	179	0.31	1.11271	1.11477	1.10756	0.00	5153.69
418	2016.02.18 13:58	modify	179	0.31	1.11271	1.11261	1.10756	0.00	5153.69
419	2016.02.18 16:19	t/p	179	0.31	1.10756	1.11261	1.10756	159.65	5313.34
420	2016.02.23 10:30	sell	180	0.74	1.10366	1.10544	1.09921	0.00	5313.34
421	2016.02.23 11:16	modify	180	0.74	1.10366	1.10356	1.09921	0.00	5313.34
422	2016.02.23 11:34	t/p	180	0.74	1.09921	1.10356	1.09921	329.30	5642.64
423	2016.03.15 11:30	sell	181	0.70	1.10961	1.11161	1.10461	0.00	5642.64
424	2016.03.15 14:43	s/l	181	0.70	1.11161	1.11161	1.10461	-140.00	5502.64
425	2016.04.11 15:30	buy	182	0.25	1.14056	1.13839	1.14599	0.00	5502.64
426	2016.04.11 16:53	modify	182	0.25	1.14056	1.14066	1.14599	0.00	5502.64
427	2016.04.11 18:57	s/l	182	0.25	1.14066	1.14066	1.14599	2.50	5505.14
428	2016.04.18 15:30	buy	183	1.10	1.13169	1.12969	1.13669	0.00	5505.14
429	2016.04.18 16:40	s/l	183	1.10	1.12969	1.12969	1.13669	-220.00	5285.14
430	2016.05.09 08:45	sell	184	0.33	1.13988	1.14146	1.13593	0.00	5285.14
431	2016.05.09 09:52	s/l	184	0.33	1.14146	1.14146	1.13593	-52.14	5233.00
432	2016.05.09 10:15	sell	185	0.23	1.13993	1.14214	1.13441	0.00	5233.00
433	2016.05.10 13:58	modify	185	0.23	1.13993	1.13983	1.13441	0.00	5233.00
434	2016.05.10 17:42	s/l	185	0.23	1.13983	1.13983	1.13441	2.88	5235.88
435	2016.05.17 11:45	sell	186	1.19	1.13230	1.13405	1.12793	0.00	5235.88
436	2016.05.17 16:46	s/l	186	1.19	1.13405	1.13405	1.12793	-208.25	5027.63
437	2016.05.23 15:30	sell	187	0.29	1.12019	1.12192	1.11587	0.00	5027.63
438	2016.05.23 20:14	s/l	187	0.29	1.12192	1.12192	1.11587	-50.17	4977.46
439	2016.05.24 10:30	sell	188	0.22	1.11949	1.12175	1.11384	0.00	4977.46
440	2016.05.24 15:31	modify	188	0.22	1.11949	1.11939	1.11384	0.00	4977.46
441	2016.05.24 22:16	t/p	188	0.22	1.11384	1.11939	1.11384	124.30	5101.76
442	2016.06.13 15:30	sell	189	1.01	1.12597	1.12798	1.12095	0.00	5101.76
443	2016.06.13 17:12	s/l	189	1.01	1.12798	1.12798	1.12095	-203.01	4898.75
444	2016.08.25 16:00	buy	190	0.12	1.12941	1.12748	1.13424	0.00	4898.75
445	2016.08.25 18:53	s/l	190	0.12	1.12748	1.12748	1.13424	-23.16	4875.59
446	2016.09.13 16:15	sell	191	0.23	1.12266	1.12475	1.11744	0.00	4875.59
447	2016.09.13 17:05	s/l	191	0.23	1.12475	1.12475	1.11744	-48.07	4827.52
448	2016.09.14 10:30	sell	192	0.24	1.12235	1.12430	1.11748	0.00	4827.52
449	2016.09.14 17:22	s/l	192	0.24	1.12430	1.12430	1.11748	-46.80	4780.72
450	2016.10.19 14:00	sell	193	0.25	1.09847	1.10038	1.09370	0.00	4780.72
451	2016.10.19 17:50	modify	193	0.25	1.09847	1.09837	1.09370	0.00	4780.72
452	2016.10.20 14:25	s/l	193	0.25	1.09837	1.09837	1.09370	4.40	4785.12
453	2016.10.27 16:15	buy	194	0.62	1.09265	1.09111	1.09650	0.00	4785.12
454	2016.10.27 17:07	s/l	194	0.62	1.09111	1.09111	1.09650	-95.48	4689.64
455	2016.11.23 14:00	sell	195	0.29	1.06221	1.06381	1.05821	0.00	4689.64
456	2016.11.23 15:20	modify	195	0.29	1.06221	1.06211	1.05821	0.00	4689.64
457	2016.11.23 15:31	t/p	195	0.29	1.05821	1.06211	1.05821	116.00	4805.64
458	2016.11.29 09:30	sell	196	1.15	1.05923	1.06090	1.05506	0.00	4805.64
459	2016.11.29 10:02	s/l	196	1.15	1.06090	1.06090	1.05506	-192.05	4613.59
460	2016.11.29 11:00	sell	197	0.19	1.05922	1.06159	1.05330	0.00	4613.59
461	2016.11.29 17:10	s/l	197	0.19	1.06159	1.06159	1.05330	-45.03	4568.56
462	2016.11.30 10:30	buy	198	0.21	1.06382	1.06170	1.06912	0.00	4568.56
463	2016.11.30 15:15	s/l	198	0.21	1.06170	1.06170	1.06912	-44.52	4524.04
464	2016.12.07 10:45	buy	199	0.20	1.07313	1.07097	1.07853	0.00	4524.04
465	2016.12.07 12:06	s/l	199	0.20	1.07097	1.07097	1.07853	-43.20	4480.84
466	2016.12.14 14:00	buy	200	0.28	1.06484	1.06325	1.06882	0.00	4480.84
467	2016.12.14 16:02	s/l	200	0.28	1.06325	1.06325	1.06882	-44.52	4436.32
468	2016.12.19 09:00	buy	201	0.21	1.04757	1.04554	1.05265	0.00	4436.32
469	2016.12.19 11:47	s/l	201	0.21	1.04554	1.04554	1.05265	-42.63	4393.69
470	2016.12.22 16:15	buy	202	0.09	1.04507	1.04268	1.05105	0.00	4393.69
471	2016.12.22 17:07	modify	202	0.09	1.04507	1.04517	1.05105	0.00	4393.69
472	2016.12.22 18:02	s/l	202	0.09	1.04517	1.04517	1.05105	0.90	4394.59
473	2016.12.29 11:15	buy	203	0.51	1.04570	1.04400	1.04995	0.00	4394.59
474	2016.12.29 17:57	modify	203	0.51	1.04570	1.04580	1.04995	0.00	4394.59
475	2016.12.30 01:22	t/p	203	0.51	1.04995	1.04580	1.04995	212.49	4607.09
476	2017.01.26 11:45	sell	204	0.33	1.07280	1.07454	1.06845	0.00	4607.09
477	2017.01.26 15:01	modify	204	0.33	1.07280	1.07270	1.06845	0.00	4607.09
478	2017.01.26 16:20	t/p	204	0.33	1.06845	1.07270	1.06845	143.55	4750.64
479	2017.02.20 15:00	sell	205	0.63	1.06094	1.06282	1.05624	0.00	4750.64
480	2017.02.21 03:19	modify	205	0.63	1.06094	1.06084	1.05624	0.00	4750.64
481	2017.02.21 10:34	t/p	205	0.63	1.05624	1.06084	1.05624	297.70	5048.33
482	2017.02.23 10:15	buy	206	0.26	1.05621	1.05386	1.06209	0.00	5048.33
483	2017.02.23 12:08	s/l	206	0.26	1.05386	1.05386	1.06209	-61.10	4987.23
484	2017.02.27 10:00	buy	207	0.25	1.05814	1.05620	1.06299	0.00	4987.23
485	2017.02.27 17:59	modify	207	0.25	1.05814	1.05824	1.06299	0.00	4987.23
486	2017.02.27 18:49	t/p	207	0.25	1.06299	1.05824	1.06299	121.25	5108.48
487	2017.02.28 11:15	buy	208	1.14	1.05918	1.05739	1.06366	0.00	5108.48
488	2017.02.28 17:13	modify	208	1.14	1.05918	1.05928	1.06366	0.00	5108.48
489	2017.02.28 21:59	s/l	208	1.14	1.05928	1.05928	1.06366	11.40	5119.88
490	2017.03.02 11:45	sell	209	0.32	1.05257	1.05455	1.04762	0.00	5119.88
491	2017.03.02 21:26	modify	209	0.32	1.05257	1.05247	1.04762	0.00	5119.88
492	2017.03.03 08:51	s/l	209	0.32	1.05247	1.05247	1.04762	4.01	5123.89
493	2017.03.06 15:30	buy	210	0.71	1.06011	1.05833	1.06456	0.00	5123.89
494	2017.03.06 18:32	s/l	210	0.71	1.05833	1.05833	1.06456	-126.38	4997.51
495	2017.03.22 08:45	buy	211	0.29	1.08101	1.07934	1.08519	0.00	4997.51
496	2017.03.22 09:33	s/l	211	0.29	1.07934	1.07934	1.08519	-48.43	4949.08
497	2017.03.22 15:00	buy	212	0.23	1.08040	1.07830	1.08565	0.00	4949.08
498	2017.03.23 03:02	s/l	212	0.23	1.07830	1.07830	1.08565	-54.06	4895.03
499	2017.03.28 15:30	buy	213	0.26	1.08649	1.08466	1.09107	0.00	4895.03
500	2017.03.28 19:12	s/l	213	0.26	1.08466	1.08466	1.09107	-47.58	4847.45
501	2017.04.06 15:30	sell	214	0.12	1.06577	1.06772	1.06090	0.00	4847.45
502	2017.04.07 14:03	modify	214	0.12	1.06577	1.06567	1.06090	0.00	4847.45
503	2017.04.07 15:30	s/l	214	0.12	1.06567	1.06567	1.06090	1.50	4848.95
504	2017.04.27 15:00	sell	215	0.56	1.08862	1.09034	1.08432	0.00	4848.95
505	2017.04.27 15:35	s/l	215	0.56	1.09034	1.09034	1.08432	-96.32	4752.63
506	2017.05.08 08:45	buy	216	0.22	1.09896	1.09686	1.10421	0.00	4752.63
507	2017.05.08 10:13	s/l	216	0.22	1.09686	1.09686	1.10421	-46.20	4706.43
508	2017.05.08 15:00	sell	217	0.23	1.09381	1.09581	1.08881	0.00	4706.43
509	2017.05.09 09:26	modify	217	0.23	1.09381	1.09371	1.08881	0.00	4706.43
510	2017.05.09 13:46	t/p	217	0.23	1.08881	1.09371	1.08881	115.58	4822.02
511	2017.05.25 10:30	buy	218	0.62	1.12384	1.12230	1.12769	0.00	4822.02
512	2017.05.25 12:34	s/l	218	0.62	1.12230	1.12230	1.12769	-95.48	4726.54
513	2017.05.31 10:00	buy	219	0.23	1.11880	1.11681	1.12378	0.00	4726.54
514	2017.05.31 14:05	modify	219	0.23	1.11880	1.11890	1.12378	0.00	4726.54
515	2017.05.31 16:49	t/p	219	0.23	1.12378	1.11890	1.12378	114.54	4841.08
516	2017.06.05 10:15	buy	220	1.07	1.12759	1.12579	1.13209	0.00	4841.08
517	2017.06.05 13:22	s/l	220	1.07	1.12579	1.12579	1.13209	-192.60	4648.48
518	2017.06.08 11:30	sell	221	0.15	1.12515	1.12666	1.12138	0.00	4648.48
519	2017.06.08 14:46	modify	221	0.15	1.12515	1.12505	1.12138	0.00	4648.48
520	2017.06.08 15:38	t/p	221	0.15	1.12138	1.12505	1.12138	56.55	4705.03
521	2017.06.12 14:15	buy	222	1.02	1.12241	1.12057	1.12701	0.00	4705.03
522	2017.06.12 16:51	s/l	222	1.02	1.12057	1.12057	1.12701	-187.68	4517.35
523	2017.06.21 16:30	sell	223	0.21	1.11336	1.11546	1.10811	0.00	4517.35
524	2017.06.21 21:22	s/l	223	0.21	1.11546	1.11546	1.10811	-44.10	4473.25
525	2017.07.05 11:30	sell	224	0.26	1.13503	1.13675	1.13073	0.00	4473.25
526	2017.07.05 12:00	modify	224	0.26	1.13503	1.13493	1.13073	0.00	4473.25
527	2017.07.05 21:00	s/l	224	0.26	1.13493	1.13493	1.13073	2.60	4475.85
528	2017.07.20 10:30	sell	225	0.45	1.15072	1.15270	1.14577	0.00	4475.85
529	2017.07.20 15:43	s/l	225	0.45	1.15270	1.15270	1.14577	-89.10	4386.75
530	2017.07.26 16:45	sell	226	0.18	1.16337	1.16572	1.15750	0.00	4386.75
531	2017.07.26 21:01	s/l	226	0.18	1.16572	1.16572	1.15750	-42.30	4344.45
532	2017.07.31 09:00	buy	227	0.26	1.17456	1.17293	1.17864	0.00	4344.45
533	2017.07.31 09:16	s/l	227	0.26	1.17293	1.17293	1.17864	-42.38	4302.07
534	2017.08.03 10:00	buy	228	0.13	1.18511	1.18354	1.18904	0.00	4302.07
535	2017.08.03 11:00	s/l	228	0.13	1.18354	1.18354	1.18904	-20.41	4281.66
536	2017.08.07 15:45	sell	229	0.24	1.17887	1.18062	1.17450	0.00	4281.66
537	2017.08.08 04:05	s/l	229	0.24	1.18062	1.18062	1.17450	-41.39	4240.26
538	2017.08.22 15:45	sell	230	0.21	1.17550	1.17746	1.17060	0.00	4240.26
539	2017.08.23 10:32	s/l	230	0.21	1.17746	1.17746	1.17060	-40.63	4199.64
540	2017.09.06 09:00	buy	231	0.23	1.19253	1.19072	1.19706	0.00	4199.64
541	2017.09.07 10:46	modify	231	0.23	1.19253	1.19263	1.19706	0.00	4199.64
542	2017.09.07 12:21	t/p	231	0.23	1.19706	1.19263	1.19706	98.43	4298.07
543	2017.09.11 10:45	buy	232	0.80	1.20121	1.19908	1.20654	0.00	4298.07
544	2017.09.11 14:38	s/l	232	0.80	1.19908	1.19908	1.20654	-170.40	4127.67
545	2017.09.12 11:30	sell	233	0.25	1.19614	1.19776	1.19209	0.00	4127.67
546	2017.09.12 13:45	modify	233	0.25	1.19614	1.19604	1.19209	0.00	4127.67
547	2017.09.12 17:18	s/l	233	0.25	1.19604	1.19604	1.19209	2.50	4130.17
548	2017.09.13 10:30	buy	234	0.84	1.19861	1.19665	1.20351	0.00	4130.17
549	2017.09.13 12:53	s/l	234	0.84	1.19665	1.19665	1.20351	-164.64	3965.53
550	2017.09.13 14:00	buy	235	0.23	1.19866	1.19695	1.20294	0.00	3965.53
551	2017.09.13 16:01	s/l	235	0.23	1.19695	1.19695	1.20294	-39.33	3926.20
552	2017.09.18 15:30	buy	236	0.21	1.19576	1.19397	1.20024	0.00	3926.20
553	2017.09.18 18:53	s/l	236	0.21	1.19397	1.19397	1.20024	-37.59	3888.61
554	2017.09.28 16:00	sell	237	0.09	1.17668	1.17863	1.17181	0.00	3888.61
555	2017.09.28 16:20	s/l	237	0.09	1.17863	1.17863	1.17181	-17.55	3871.06
556	2017.09.28 16:30	buy	238	0.08	1.17868	1.17644	1.18428	0.00	3871.06
557	2017.09.29 15:30	modify	238	0.08	1.17868	1.17878	1.18428	0.00	3871.06
558	2017.10.02 03:59	s/l	238	0.08	1.17878	1.17878	1.18428	-0.54	3870.52
559	2017.10.03 15:45	sell	239	0.22	1.17382	1.17553	1.16955	0.00	3870.52
560	2017.10.03 16:24	s/l	239	0.22	1.17553	1.17553	1.16955	-37.62	3832.90
561	2017.10.31 10:30	sell	240	0.22	1.16350	1.16521	1.15923	0.00	3832.90
562	2017.10.31 18:26	s/l	240	0.22	1.16521	1.16521	1.15923	-37.62	3795.28
563	2017.11.06 09:15	sell	241	0.20	1.15999	1.16185	1.15534	0.00	3795.28
564	2017.11.07 10:43	modify	241	0.20	1.15999	1.15989	1.15534	0.00	3795.28
565	2017.11.08 01:19	s/l	241	0.20	1.15989	1.15989	1.15534	3.01	3798.30
566	2017.11.08 14:15	sell	242	0.93	1.15881	1.16044	1.15474	0.00	3798.30
567	2017.11.09 07:31	s/l	242	0.93	1.16044	1.16044	1.15474	-144.51	3653.78
568	2017.11.09 16:45	buy	243	0.08	1.16204	1.15982	1.16759	0.00	3653.78
569	2017.11.09 18:46	modify	243	0.08	1.16204	1.16214	1.16759	0.00	3653.78
570	2017.11.10 17:30	t/p	243	0.08	1.16759	1.16214	1.16759	43.73	3697.52
571	2017.11.16 08:30	buy	244	0.38	1.17957	1.17763	1.18442	0.00	3697.52
572	2017.11.16 09:36	s/l	244	0.38	1.17763	1.17763	1.18442	-73.72	3623.80
573	2017.11.22 16:30	buy	245	0.16	1.17671	1.17445	1.18236	0.00	3623.80
574	2017.11.22 21:01	modify	245	0.16	1.17671	1.17681	1.18236	0.00	3623.80
575	2017.11.22 21:30	t/p	245	0.16	1.18236	1.17681	1.18236	90.40	3714.20
576	2017.11.28 10:15	buy	246	0.75	1.19040	1.18842	1.19535	0.00	3714.20
577	2017.11.28 12:08	s/l	246	0.75	1.18842	1.18842	1.19535	-148.50	3565.70
578	2017.11.28 16:30	sell	247	0.21	1.18844	1.19010	1.18429	0.00	3565.70
579	2017.11.28 20:20	modify	247	0.21	1.18844	1.18834	1.18429	0.00	3565.70
580	2017.11.28 21:21	t/p	247	0.21	1.18429	1.18834	1.18429	87.15	3652.85
581	2017.12.06 09:45	sell	248	0.67	1.18199	1.18415	1.17659	0.00	3652.85
582	2017.12.06 16:58	modify	248	0.67	1.18199	1.18189	1.17659	0.00	3652.85
583	2017.12.08 03:43	t/p	248	0.67	1.17659	1.18189	1.17659	368.60	4021.44
584	2018.01.18 15:45	buy	249	0.27	1.22434	1.22252	1.22889	0.00	4021.44
585	2018.01.18 19:51	s/l	249	0.27	1.22252	1.22252	1.22889	-49.14	3972.30
586	2018.01.29 08:30	sell	250	0.22	1.24115	1.24288	1.23683	0.00	3972.30
587	2018.01.29 09:08	s/l	250	0.22	1.24288	1.24288	1.23683	-38.06	3934.24
588	2018.01.29 09:30	sell	251	0.17	1.24081	1.24309	1.23511	0.00	3934.24
589	2018.01.29 15:27	modify	251	0.17	1.24081	1.24071	1.23511	0.00	3934.24
590	2018.01.29 16:36	t/p	251	0.17	1.23511	1.24071	1.23511	96.90	4031.14
591	2018.02.01 08:15	sell	252	0.41	1.24092	1.24284	1.23612	0.00	4031.14
592	2018.02.01 10:14	s/l	252	0.41	1.24284	1.24284	1.23612	-78.72	3952.42
593	2018.02.05 14:00	sell	253	0.22	1.24476	1.24651	1.24039	0.00	3952.42
594	2018.02.05 16:05	modify	253	0.22	1.24476	1.24466	1.24039	0.00	3952.42
595	2018.02.05 16:40	t/p	253	0.22	1.24039	1.24466	1.24039	96.14	4048.56
596	2018.02.07 08:15	sell	254	0.98	1.23774	1.23939	1.23362	0.00	4048.56
597	2018.02.07 08:47	s/l	254	0.98	1.23939	1.23939	1.23362	-161.70	3886.86
598	2018.02.07 11:15	sell	255	0.17	1.23676	1.23904	1.23106	0.00	3886.86
599	2018.02.07 16:06	modify	255	0.17	1.23676	1.23666	1.23106	0.00	3886.86
600	2018.02.07 17:30	t/p	255	0.17	1.23106	1.23666	1.23106	96.90	3983.76
601	2018.02.12 14:15	sell	256	1.04	1.22619	1.22772	1.22237	0.00	3983.76
602	2018.02.12 15:34	modify	256	1.04	1.22619	1.22609	1.22237	0.00	3983.76
603	2018.02.12 16:43	s/l	256	1.04	1.22609	1.22609	1.22237	10.40	3994.16
604	2018.02.26 09:45	buy	257	0.53	1.23322	1.23134	1.23792	0.00	3994.16
605	2018.02.26 15:47	s/l	257	0.53	1.23134	1.23134	1.23792	-99.64	3894.52
606	2018.02.27 08:30	buy	258	0.25	1.23331	1.23179	1.23711	0.00	3894.52
607	2018.02.27 13:41	s/l	258	0.25	1.23179	1.23179	1.23711	-38.00	3856.52
608	2018.03.06 10:30	buy	259	0.21	1.23436	1.23260	1.23876	0.00	3856.52
609	2018.03.06 13:23	modify	259	0.21	1.23436	1.23446	1.23876	0.00	3856.52
610	2018.03.06 13:32	t/p	259	0.21	1.23876	1.23446	1.23876	92.40	3948.92
611	2018.03.08 09:45	buy	260	0.39	1.24118	1.23919	1.24616	0.00	3948.92
612	2018.03.08 10:52	s/l	260	0.39	1.23919	1.23919	1.24616	-77.61	3871.31
613	2018.04.18 11:15	buy	261	0.22	1.23700	1.23525	1.24138	0.00	3871.31
614	2018.04.18 12:00	s/l	261	0.22	1.23525	1.23525	1.24138	-38.50	3832.81
615	2018.05.03 16:00	sell	262	0.08	1.19795	1.20031	1.19205	0.00	3832.81
616	2018.05.03 21:44	s/l	262	0.08	1.20031	1.20031	1.19205	-18.88	3813.93
617	2018.05.08 10:00	sell	263	0.22	1.19179	1.19351	1.18749	0.00	3813.93
618	2018.05.08 11:27	modify	263	0.22	1.19179	1.19169	1.18749	0.00	3813.93
619	2018.05.08 12:42	t/p	263	0.22	1.18749	1.19169	1.18749	94.60	3908.53
620	2018.05.10 10:15	sell	264	0.37	1.18604	1.18812	1.18084	0.00	3908.53
621	2018.05.10 12:15	s/l	264	0.37	1.18812	1.18812	1.18084	-76.96	3831.57
622	2018.05.15 11:00	sell	265	0.23	1.19231	1.19391	1.18831	0.00	3831.57
623	2018.05.15 14:10	modify	265	0.23	1.19231	1.19221	1.18831	0.00	3831.57
624	2018.05.15 14:28	t/p	265	0.23	1.18831	1.19221	1.18831	92.00	3923.57
625	2018.05.17 09:15	sell	266	0.34	1.18149	1.18374	1.17587	0.00	3923.57
626	2018.05.17 13:27	modify	266	0.34	1.18149	1.18139	1.17587	0.00	3923.57
627	2018.05.18 08:58	s/l	266	0.34	1.18139	1.18139	1.17587	4.26	3927.84
628	2018.06.12 15:00	buy	267	0.50	1.17935	1.17741	1.18420	0.00	3927.84
629	2018.06.12 19:58	s/l	267	0.50	1.17741	1.17741	1.18420	-97.00	3830.84
630	2018.06.13 09:15	sell	268	0.25	1.17397	1.17548	1.17020	0.00	3830.84
631	2018.06.13 12:52	s/l	268	0.25	1.17548	1.17548	1.17020	-37.75	3793.09
632	2018.06.20 10:00	sell	269	0.19	1.15667	1.15862	1.15180	0.00	3793.09
633	2018.06.20 10:42	s/l	269	0.19	1.15862	1.15862	1.15180	-37.05	3756.04
634	2018.06.21 11:15	sell	270	0.12	1.15541	1.15697	1.15151	0.00	3756.04
635	2018.06.21 11:50	modify	270	0.12	1.15541	1.15531	1.15151	0.00	3756.04
636	2018.06.21 12:02	t/p	270	0.12	1.15151	1.15531	1.15151	46.80	3802.84
637	2018.06.27 08:15	sell	271	0.80	1.16401	1.16590	1.15929	0.00	3802.84
638	2018.06.27 09:09	s/l	271	0.80	1.16590	1.16590	1.15929	-151.20	3651.64
639	2018.06.27 10:45	sell	272	0.18	1.16544	1.16741	1.16052	0.00	3651.64
640	2018.06.27 11:35	modify	272	0.18	1.16544	1.16534	1.16052	0.00	3651.64
641	2018.06.27 15:48	t/p	272	0.18	1.16052	1.16534	1.16052	88.56	3740.20
642	2018.07.10 09:45	buy	273	0.89	1.17465	1.17297	1.17885	0.00	3740.20
643	2018.07.10 11:39	s/l	273	0.89	1.17297	1.17297	1.17885	-149.52	3590.68
644	2018.07.10 11:45	sell	274	0.14	1.17264	1.17505	1.16662	0.00	3590.68
645	2018.07.11 15:45	s/l	274	0.14	1.17505	1.17505	1.16662	-33.38	3557.29
646	2018.08.16 11:30	buy	275	0.07	1.13776	1.13548	1.14346	0.00	3557.29
647	2018.08.16 20:47	s/l	275	0.07	1.13548	1.13548	1.14346	-15.96	3541.33
648	2018.08.27 14:15	buy	276	0.23	1.16177	1.16026	1.16555	0.00	3541.33
649	2018.08.27 15:20	modify	276	0.23	1.16177	1.16187	1.16555	0.00	3541.33
650	2018.08.27 16:48	t/p	276	0.23	1.16555	1.16187	1.16555	86.94	3628.27
651	2018.09.05 09:15	sell	277	0.95	1.15819	1.15971	1.15439	0.00	3628.27
652	2018.09.05 10:16	modify	277	0.95	1.15819	1.15809	1.15439	0.00	3628.27
653	2018.09.05 10:22	t/p	277	0.95	1.15439	1.15809	1.15439	361.00	3989.27
654	2018.09.25 11:45	buy	278	0.40	1.17560	1.17311	1.18183	0.00	3989.27
655	2018.09.26 15:20	s/l	278	0.40	1.17311	1.17311	1.18183	-102.94	3886.33
656	2018.10.10 14:00	buy	279	0.22	1.15026	1.14853	1.15459	0.00	3886.33
657	2018.10.10 17:09	modify	279	0.22	1.15026	1.15036	1.15459	0.00	3886.33
658	2018.10.11 04:51	t/p	279	0.22	1.15459	1.15036	1.15459	89.75	3976.09
659	2018.10.16 10:30	buy	280	0.68	1.15911	1.15678	1.16494	0.00	3976.09
660	2018.10.16 12:23	s/l	280	0.68	1.15678	1.15678	1.16494	-158.44	3817.65
661	2018.10.18 15:15	sell	281	0.11	1.15042	1.15208	1.14627	0.00	3817.65
662	2018.10.18 19:15	modify	281	0.11	1.15042	1.15032	1.14627	0.00	3817.65
663	2018.10.18 20:19	t/p	281	0.11	1.14627	1.15032	1.14627	45.65	3863.30
664	2018.10.25 16:15	sell	282	0.32	1.14105	1.14342	1.13513	0.00	3863.30
665	2018.10.25 16:40	modify	282	0.32	1.14105	1.14095	1.13513	0.00	3863.30
666	2018.10.26 12:53	t/p	282	0.32	1.13513	1.14095	1.13513	190.25	4053.55
667	2018.11.08 09:15	sell	283	0.24	1.14158	1.14369	1.13631	0.00	4053.55
668	2018.11.08 10:02	s/l	283	0.24	1.14369	1.14369	1.13631	-50.64	4002.91
669	2018.11.08 11:00	sell	284	0.11	1.14295	1.14463	1.13875	0.00	4002.91
670	2018.11.08 13:34	modify	284	0.11	1.14295	1.14285	1.13875	0.00	4002.91
671	2018.11.08 15:15	s/l	284	0.11	1.14285	1.14285	1.13875	1.10	4004.01
672	2018.11.21 11:45	sell	285	0.64	1.13826	1.14073	1.13209	0.00	4004.01
673	2018.11.21 13:23	s/l	285	0.64	1.14073	1.14073	1.13209	-158.08	3845.93
674	2018.12.27 09:45	sell	286	0.12	1.13748	1.13907	1.13351	0.00	3845.93
675	2018.12.27 10:24	s/l	286	0.12	1.13907	1.13907	1.13351	-19.08	3826.85
676	2018.12.31 10:00	buy	287	0.18	1.14428	1.14219	1.14951	0.00	3826.85
677	2019.01.02 07:58	modify	287	0.18	1.14428	1.14438	1.14951	0.00	3826.85
678	2019.01.02 08:10	t/p	287	0.18	1.14951	1.14438	1.14951	91.14	3917.98
679	2019.01.09 15:45	buy	288	0.90	1.14633	1.14459	1.15068	0.00	3917.98
680	2019.01.09 16:35	modify	288	0.90	1.14633	1.14643	1.15068	0.00	3917.98
681	2019.01.09 16:36	t/p	288	0.90	1.15068	1.14643	1.15068	391.50	4309.48
682	2019.01.14 14:45	sell	289	0.66	1.14570	1.14732	1.14165	0.00	4309.48
683	2019.01.14 17:55	s/l	289	0.66	1.14732	1.14732	1.14165	-106.92	4202.56
684	2019.01.17 15:45	sell	290	0.11	1.13876	1.14064	1.13406	0.00	4202.56
685	2019.01.18 12:02	s/l	290	0.11	1.14064	1.14064	1.13406	-20.40	4182.16
686	2019.01.30 10:30	buy	291	0.23	1.14396	1.14218	1.14841	0.00	4182.16
687	2019.01.30 13:11	s/l	291	0.23	1.14218	1.14218	1.14841	-40.94	4141.22
688	2019.02.13 14:00	buy	292	0.20	1.13294	1.13087	1.13812	0.00	4141.22
689	2019.02.13 14:54	s/l	292	0.20	1.13087	1.13087	1.13812	-41.40	4099.82
690	2019.02.20 14:30	buy	293	0.22	1.13406	1.13223	1.13864	0.00	4099.82
691	2019.02.20 18:51	modify	293	0.22	1.13406	1.13416	1.13864	0.00	4099.82
692	2019.02.20 21:11	s/l	293	0.22	1.13416	1.13416	1.13864	2.20	4102.02
693	2019.03.11 15:30	buy	294	0.75	1.12518	1.12302	1.13058	0.00	4102.02
694	2019.03.11 17:51	s/l	294	0.75	1.12302	1.12302	1.13058	-162.00	3940.02
695	2019.03.14 09:30	buy	295	0.12	1.13253	1.13098	1.13641	0.00	3940.02
696	2019.03.14 12:01	s/l	295	0.12	1.13098	1.13098	1.13641	-18.60	3921.42
697	2019.10.03 15:45	buy	296	0.12	1.09621	1.09460	1.10024	0.00	3921.42
698	2019.10.03 17:00	modify	296	0.12	1.09621	1.09631	1.10024	0.00	3921.42
699	2019.10.03 23:59	s/l	296	0.12	1.09631	1.09631	1.10024	1.20	3922.62
700	2019.10.16 15:45	buy	297	0.67	1.10442	1.10210	1.11022	0.00	3922.62
701	2019.10.16 19:25	modify	297	0.67	1.10442	1.10452	1.11022	0.00	3922.62
702	2019.10.17 12:30	t/p	297	0.67	1.11022	1.10452	1.11022	371.83	4294.45
703	2019.11.07 16:00	sell	298	0.31	1.10670	1.10843	1.10238	0.00	4294.45
704	2019.11.07 17:57	modify	298	0.31	1.10670	1.10660	1.10238	0.00	4294.45
705	2019.11.08 17:02	t/p	298	0.31	1.10238	1.10660	1.10238	134.71	4429.16
706	2020.02.24 10:30	buy	299	0.60	1.08283	1.08099	1.08743	0.00	4429.16
707	2020.02.24 17:07	modify	299	0.60	1.08283	1.08293	1.08743	0.00	4429.16
708	2020.02.25 18:16	t/p	299	0.60	1.08743	1.08293	1.08743	270.99	4700.15
709	2020.03.04 10:00	buy	300	0.71	1.11594	1.11430	1.12004	0.00	4700.15
710	2020.03.04 10:42	modify	300	0.71	1.11594	1.11604	1.12004	0.00	4700.15
711	2020.03.04 11:04	s/l	300	0.71	1.11604	1.11604	1.12004	7.10	4707.25
712	2020.04.06 09:15	sell	301	0.52	1.08149	1.08374	1.07587	0.00	4707.25
713	2020.04.06 15:45	modify	301	0.52	1.08149	1.08139	1.07587	0.00	4707.25
714	2020.04.06 18:24	s/l	301	0.52	1.08139	1.08139	1.07587	5.20	4712.45
715	2020.04.09 15:15	buy	302	0.30	1.08670	1.08475	1.09158	0.00	4712.45
716	2020.04.09 15:53	modify	302	0.30	1.08670	1.08680	1.09158	0.00	4712.45
717	2020.04.09 16:13	t/p	302	0.30	1.09158	1.08680	1.09158	146.40	4858.85
718	2020.04.28 10:30	buy	303	0.52	1.08307	1.08076	1.08885	0.00	4858.85
719	2020.04.28 12:20	modify	303	0.52	1.08307	1.08317	1.08885	0.00	4858.85
720	2020.04.28 17:59	s/l	303	0.52	1.08317	1.08317	1.08885	5.20	4864.05
721	2020.04.29 16:00	buy	304	0.61	1.08573	1.08375	1.09068	0.00	4864.05
722	2020.04.30 10:05	modify	304	0.61	1.08573	1.08583	1.09068	0.00	4864.05
723	2020.04.30 16:08	s/l	304	0.61	1.08583	1.08583	1.09068	-9.17	4854.88
724	2020.05.07 11:00	sell	305	0.12	1.07988	1.08182	1.07503	0.00	4854.88
725	2020.05.07 17:03	modify	305	0.12	1.07988	1.07978	1.07503	0.00	4854.88
726	2020.05.07 18:45	s/l	305	0.12	1.07978	1.07978	1.07503	1.20	4856.08
727	2020.05.12 10:45	sell	306	0.92	1.08086	1.08295	1.07564	0.00	4856.08
728	2020.05.12 13:25	s/l	306	0.92	1.08295	1.08295	1.07564	-192.28	4663.80
729	2020.06.08 10:00	buy	307	0.30	1.12944	1.12791	1.13327	0.00	4663.80
730	2020.06.08 13:35	s/l	307	0.30	1.12791	1.12791	1.13327	-45.90	4617.90
731	2020.06.09 09:45	sell	308	0.20	1.12753	1.12980	1.12186	0.00	4617.90
732	2020.06.09 11:19	modify	308	0.20	1.12753	1.12743	1.12186	0.00	4617.90
733	2020.06.09 13:09	s/l	308	0.20	1.12743	1.12743	1.12186	2.00	4619.90
734	2020.06.24 14:00	buy	309	1.15	1.13069	1.12909	1.13469	0.00	4619.90
735	2020.06.24 14:43	s/l	309	1.15	1.12909	1.12909	1.13469	-184.00	4435.90
736	2020.07.08 09:15	sell	310	0.24	1.12656	1.12836	1.12206	0.00	4435.90
737	2020.07.08 10:06	s/l	310	0.24	1.12836	1.12836	1.12206	-43.20	4392.70
738	2020.07.08 14:45	buy	311	0.28	1.12893	1.12740	1.13276	0.00	4392.70
739	2020.07.08 16:32	modify	311	0.28	1.12893	1.12903	1.13276	0.00	4392.70
740	2020.07.08 16:39	t/p	311	0.28	1.13276	1.12903	1.13276	107.24	4499.94
741	2020.07.14 11:45	buy	312	0.86	1.13492	1.13285	1.14010	0.00	4499.94
742	2020.07.14 14:36	modify	312	0.86	1.13492	1.13502	1.14010	0.00	4499.94
743	2020.07.14 17:29	t/p	312	0.86	1.14010	1.13502	1.14010	445.48	4945.42
744	2020.07.16 15:00	buy	313	0.32	1.14133	1.13944	1.14606	0.00	4945.42
745	2020.07.16 17:40	modify	313	0.32	1.14133	1.14143	1.14606	0.00	4945.42
746	2020.07.16 19:39	s/l	313	0.32	1.14143	1.14143	1.14606	3.20	4948.62
747	2020.07.21 10:15	buy	314	0.50	1.14589	1.14345	1.15199	0.00	4948.62
748	2020.07.21 10:46	s/l	314	0.50	1.14345	1.14345	1.15199	-122.00	4826.62
749	2020.07.29 09:15	buy	315	0.28	1.17407	1.17240	1.17825	0.00	4826.62
750	2020.07.29 10:43	modify	315	0.28	1.17407	1.17417	1.17825	0.00	4826.62
751	2020.07.29 14:01	s/l	315	0.28	1.17417	1.17417	1.17825	2.80	4829.42
752	2020.08.17 14:45	buy	316	1.00	1.18510	1.18318	1.18990	0.00	4829.42
753	2020.08.17 16:51	modify	316	1.00	1.18510	1.18520	1.18990	0.00	4829.42
754	2020.08.18 09:33	t/p	316	1.00	1.18990	1.18520	1.18990	471.66	5301.08
755	2020.08.27 10:45	buy	317	0.38	1.18316	1.18144	1.18746	0.00	5301.08
756	2020.08.27 13:34	s/l	317	0.38	1.18144	1.18144	1.18746	-65.36	5235.72
757	2020.09.02 09:30	sell	318	0.27	1.18965	1.19153	1.18495	0.00	5235.72
758	2020.09.02 10:32	modify	318	0.27	1.18965	1.18955	1.18495	0.00	5235.72
759	2020.09.02 14:31	t/p	318	0.27	1.18495	1.18955	1.18495	126.90	5362.62
760	2020.09.09 11:45	sell	319	1.00	1.17679	1.17892	1.17147	0.00	5362.62
761	2020.09.09 15:49	s/l	319	1.00	1.17892	1.17892	1.17147	-213.00	5149.62
762	2020.09.10 11:30	buy	320	0.14	1.18319	1.18138	1.18772	0.00	5149.62
763	2020.09.10 15:31	modify	320	0.14	1.18319	1.18329	1.18772	0.00	5149.62
764	2020.09.10 15:31	t/p	320	0.14	1.18772	1.18329	1.18772	63.42	5213.04
765	2020.09.30 15:30	buy	321	1.10	1.17154	1.16965	1.17627	0.00	5213.04
766	2020.09.30 16:38	s/l	321	1.10	1.16965	1.16965	1.17627	-207.90	5005.14
767	2020.10.12 10:45	buy	322	0.27	1.18219	1.18036	1.18677	0.00	5005.14
768	2020.10.12 12:24	s/l	322	0.27	1.18036	1.18036	1.18677	-49.41	4955.73
769	2020.11.10 10:00	sell	323	0.23	1.18168	1.18378	1.17643	0.00	4955.73
770	2020.11.10 10:28	s/l	323	0.23	1.18378	1.18378	1.17643	-48.30	4907.43
771	2020.11.11 09:45	sell	324	0.31	1.18144	1.18301	1.17752	0.00	4907.43
772	2020.11.11 10:20	modify	324	0.31	1.18144	1.18134	1.17752	0.00	4907.43
773	2020.11.11 12:55	t/p	324	0.31	1.17752	1.18134	1.17752	121.52	5028.95
774	2020.11.19 10:30	sell	325	0.57	1.18360	1.18534	1.17925	0.00	5028.95
775	2020.11.19 20:55	s/l	325	0.57	1.18534	1.18534	1.17925	-99.18	4929.77
776	2020.12.01 15:30	buy	326	0.24	1.19823	1.19622	1.20326	0.00	4929.77
777	2020.12.01 17:17	modify	326	0.24	1.19823	1.19833	1.20326	0.00	4929.77
778	2020.12.01 17:49	t/p	326	0.24	1.20326	1.19833	1.20326	120.72	5050.49
779	2020.12.15 16:30	buy	327	1.05	1.21529	1.21338	1.22007	0.00	5050.49
780	2020.12.16 10:30	modify	327	1.05	1.21529	1.21539	1.22007	0.00	5050.49
781	2020.12.16 10:34	t/p	327	1.05	1.22007	1.21539	1.22007	493.14	5543.63
782	2020.12.22 10:00	sell	328	0.91	1.22167	1.22318	1.21790	0.00	5543.63
783	2020.12.22 12:52	s/l	328	0.91	1.22318	1.22318	1.21790	-137.41	5406.22
784	2020.12.23 10:15	sell	329	0.28	1.21838	1.22029	1.21361	0.00	5406.22
785	2020.12.23 16:30	s/l	329	0.28	1.22029	1.22029	1.21361	-53.48	5352.74
786	2020.12.28 15:15	buy	330	0.28	1.22187	1.22001	1.22652	0.00	5352.74
787	2020.12.29 09:12	modify	330	0.28	1.22187	1.22197	1.22652	0.00	5352.74
788	2020.12.29 16:48	t/p	330	0.28	1.22652	1.22197	1.22652	127.86	5480.60
789	2020.12.31 11:00	buy	331	0.67	1.23012	1.22849	1.23420	0.00	5480.60
790	2020.12.31 11:15	s/l	331	0.67	1.22849	1.22849	1.23420	-109.21	5371.39
791	2021.01.05 10:15	buy	332	0.32	1.22697	1.22531	1.23112	0.00	5371.39
792	2021.01.05 18:45	modify	332	0.32	1.22697	1.22707	1.23112	0.00	5371.39
793	2021.01.06 02:50	t/p	332	0.32	1.23112	1.22707	1.23112	130.13	5501.52
794	2021.01.21 11:30	buy	333	0.50	1.21412	1.21193	1.21960	0.00	5501.52
795	2021.01.22 02:14	modify	333	0.50	1.21412	1.21422	1.21960	0.00	5501.52
796	2021.01.25 12:00	s/l	333	0.50	1.21422	1.21422	1.21960	-3.34	5498.18
797	2021.01.28 15:15	sell	334	0.12	1.20907	1.21129	1.20352	0.00	5498.18
798	2021.01.28 15:50	s/l	334	0.12	1.21129	1.21129	1.20352	-26.64	5471.54
799	2021.02.02 11:45	sell	335	0.26	1.20683	1.20886	1.20176	0.00	5471.54
800	2021.02.02 12:16	modify	335	0.26	1.20683	1.20673	1.20176	0.00	5471.54
801	2021.02.02 19:01	t/p	335	0.26	1.20176	1.20673	1.20176	131.82	5603.36
802	2021.02.08 09:45	buy	336	1.40	1.20459	1.20300	1.20857	0.00	5603.36
803	2021.02.08 10:29	s/l	336	1.40	1.20300	1.20300	1.20857	-222.60	5380.76
804	2021.02.08 15:45	buy	337	0.29	1.20367	1.20182	1.20830	0.00	5380.76
805	2021.02.08 17:05	modify	337	0.29	1.20367	1.20377	1.20830	0.00	5380.76
806	2021.02.08 18:21	s/l	337	0.29	1.20377	1.20377	1.20830	2.90	5383.66
807	2021.04.15 16:30	buy	338	0.61	1.19716	1.19541	1.20154	0.00	5383.66
808	2021.04.16 04:04	s/l	338	0.61	1.19541	1.19541	1.20154	-111.84	5271.82
809	2021.04.21 16:15	sell	339	0.34	1.20019	1.20171	1.19639	0.00	5271.82
810	2021.04.21 17:26	s/l	339	0.34	1.20171	1.20171	1.19639	-51.68	5220.14
811	2021.05.13 11:30	sell	340	0.14	1.20814	1.20997	1.20357	0.00	5220.14
812	2021.05.13 11:50	modify	340	0.14	1.20814	1.20804	1.20357	0.00	5220.14
813	2021.05.13 14:23	s/l	340	0.14	1.20804	1.20804	1.20357	1.40	5221.54
814	2021.05.27 09:30	sell	341	0.59	1.21872	1.22048	1.21432	0.00	5221.54
815	2021.05.27 10:17	s/l	341	0.59	1.22048	1.22048	1.21432	-103.84	5117.70
816	2021.05.27 16:00	sell	342	0.14	1.21861	1.22041	1.21411	0.00	5117.70
817	2021.05.27 17:17	s/l	342	0.14	1.22041	1.22041	1.21411	-25.20	5092.50
818	2021.05.31 15:00	buy	343	0.33	1.21993	1.21839	1.22378	0.00	5092.50
819	2021.05.31 17:55	modify	343	0.33	1.21993	1.22003	1.22378	0.00	5092.50
820	2021.06.01 10:30	t/p	343	0.33	1.22378	1.22003	1.22378	124.30	5216.79
821	2021.06.23 10:45	buy	344	0.84	1.19343	1.19096	1.19961	0.00	5216.79
822	2021.06.25 16:56	modify	344	0.84	1.19343	1.19353	1.19961	0.00	5216.79
823	2021.06.25 19:29	s/l	344	0.84	1.19353	1.19353	1.19961	-19.64	5197.16
824	2021.07.05 09:45	buy	345	0.32	1.18658	1.18499	1.19056	0.00	5197.16
825	2021.07.06 09:04	modify	345	0.32	1.18658	1.18668	1.19056	0.00	5197.16
826	2021.07.06 11:07	s/l	345	0.32	1.18668	1.18668	1.19056	0.53	5197.69
827	2021.07.07 16:00	sell	346	0.93	1.18159	1.18382	1.17602	0.00	5197.69
828	2021.07.07 17:32	modify	346	0.93	1.18159	1.18149	1.17602	0.00	5197.69
829	2021.07.07 21:02	s/l	346	0.93	1.18149	1.18149	1.17602	9.30	5206.99
830	2021.07.20 15:15	sell	347	0.65	1.17749	1.17948	1.17252	0.00	5206.99
831	2021.07.21 17:40	s/l	347	0.65	1.17948	1.17948	1.17252	-127.70	5079.28
832	2021.08.05 15:30	sell	348	0.14	1.18418	1.18592	1.17983	0.00	5079.28
833	2021.08.06 11:23	modify	348	0.14	1.18418	1.18408	1.17983	0.00	5079.28
834	2021.08.06 15:30	t/p	348	0.14	1.17983	1.18408	1.17983	61.26	5140.54
835	2021.08.25 16:15	buy	349	1.06	1.17433	1.17240	1.17916	0.00	5140.54
836	2021.08.25 21:13	modify	349	1.06	1.17433	1.17443	1.17916	0.00	5140.54
837	2021.08.27 03:35	s/l	349	1.06	1.17443	1.17443	1.17916	-24.78	5115.76
838	2021.09.01 15:30	buy	350	0.33	1.18263	1.18112	1.18641	0.00	5115.76
839	2021.09.01 17:45	modify	350	0.33	1.18263	1.18273	1.18641	0.00	5115.76
840	2021.09.02 17:38	t/p	350	0.33	1.18641	1.18273	1.18641	116.48	5232.24
841	2021.09.23 15:45	buy	351	0.56	1.17305	1.17121	1.17765	0.00	5232.24
842	2021.09.24 15:32	s/l	351	0.56	1.17121	1.17121	1.17765	-107.71	5124.53
843	2021.09.27 14:30	sell	352	0.33	1.16971	1.17125	1.16586	0.00	5124.53
844	2021.09.28 10:10	modify	352	0.33	1.16971	1.16961	1.16586	0.00	5124.53
845	2021.09.28 17:15	s/l	352	0.33	1.16961	1.16961	1.16586	4.14	5128.66
846	2021.10.05 16:15	sell	353	1.22	1.15887	1.16055	1.15467	0.00	5128.66
847	2021.10.05 18:13	s/l	353	1.22	1.16055	1.16055	1.15467	-204.96	4923.70
848	2021.10.25 10:45	buy	354	0.20	1.16630	1.16392	1.17225	0.00	4923.70
849	2021.10.25 12:18	s/l	354	0.20	1.16392	1.16392	1.17225	-47.60	4876.10
850	2021.11.15 15:00	sell	355	0.31	1.14409	1.14566	1.14017	0.00	4876.10
851	2021.11.15 18:02	modify	355	0.31	1.14409	1.14399	1.14017	0.00	4876.10
852	2021.11.15 19:24	t/p	355	0.31	1.14017	1.14399	1.14017	121.52	4997.62
853	2021.11.18 16:30	buy	356	0.60	1.13411	1.13247	1.13821	0.00	4997.62
854	2021.11.18 19:04	modify	356	0.60	1.13411	1.13421	1.13821	0.00	4997.62
855	2021.11.19 10:01	s/l	356	0.60	1.13421	1.13421	1.13821	0.99	4998.62
856	2021.12.01 15:30	buy	357	0.63	1.13284	1.13087	1.13777	0.00	4998.62
857	2021.12.02 09:56	s/l	357	0.63	1.13087	1.13087	1.13777	-139.88	4858.74
858	2021.12.02 10:45	buy	358	0.14	1.13242	1.13080	1.13647	0.00	4858.74
859	2021.12.02 18:20	s/l	358	0.14	1.13080	1.13080	1.13647	-22.68	4836.06
860	2022.01.20 16:30	sell	359	0.14	1.13429	1.13596	1.13012	0.00	4836.06
861	2022.01.20 20:37	modify	359	0.14	1.13429	1.13419	1.13012	0.00	4836.06
862	2022.01.21 03:03	t/p	359	0.14	1.13012	1.13419	1.13012	58.74	4894.79
863	2022.02.08 15:15	sell	360	1.06	1.14073	1.14257	1.13613	0.00	4894.79
864	2022.02.09 04:02	s/l	360	1.06	1.14257	1.14257	1.13613	-192.35	4702.44
865	2022.02.09 15:45	buy	361	0.27	1.14450	1.14278	1.14880	0.00	4702.44
866	2022.02.09 16:24	s/l	361	0.27	1.14278	1.14278	1.14880	-46.44	4656.00
867	2022.02.16 16:45	buy	362	0.24	1.13702	1.13512	1.14177	0.00	4656.00
868	2022.02.17 05:55	s/l	362	0.24	1.13512	1.13512	1.14177	-51.61	4604.39
869	2022.03.09 10:15	buy	363	0.22	1.09293	1.09089	1.09803	0.00	4604.39
870	2022.03.09 11:27	modify	363	0.22	1.09293	1.09303	1.09803	0.00	4604.39
871	2022.03.09 12:06	t/p	363	0.22	1.09803	1.09303	1.09803	112.20	4716.59
872	2022.04.07 10:15	sell	364	0.54	1.09124	1.09298	1.08689	0.00	4716.59
873	2022.04.07 11:11	modify	364	0.54	1.09124	1.09114	1.08689	0.00	4716.59
874	2022.04.07 12:20	t/p	364	0.54	1.08689	1.09114	1.08689	234.90	4951.49
875	2022.04.11 09:30	sell	365	0.75	1.08789	1.08953	1.08379	0.00	4951.49
876	2022.04.11 10:26	s/l	365	0.75	1.08953	1.08953	1.08379	-123.00	4828.49
877	2022.04.13 09:30	sell	366	0.24	1.08275	1.08469	1.07790	0.00	4828.49
878	2022.04.13 14:32	s/l	366	0.24	1.08469	1.08469	1.07790	-46.56	4781.93
879	2022.04.13 15:00	sell	367	0.25	1.08313	1.08497	1.07853	0.00	4781.93
880	2022.04.13 18:02	s/l	367	0.25	1.08497	1.08497	1.07853	-46.00	4735.93
881	2022.04.19 16:15	sell	368	0.31	1.07876	1.08028	1.07496	0.00	4735.93
882	2022.04.19 16:43	s/l	368	0.31	1.08028	1.08028	1.07496	-47.12	4688.81
883	2022.04.20 11:30	buy	369	0.30	1.08193	1.08037	1.08583	0.00	4688.81
884	2022.04.20 12:09	modify	369	0.30	1.08193	1.08203	1.08583	0.00	4688.81
885	2022.04.20 12:38	t/p	369	0.30	1.08583	1.08203	1.08583	117.00	4805.81
886	2022.04.21 08:15	buy	370	0.53	1.08450	1.08272	1.08895	0.00	4805.81
887	2022.04.21 09:30	modify	370	0.53	1.08450	1.08460	1.08895	0.00	4805.81
888	2022.04.21 09:41	t/p	370	0.53	1.08895	1.08460	1.08895	235.85	5041.66
889	2022.05.03 08:00	sell	371	0.51	1.05017	1.05263	1.04402	0.00	5041.66
890	2022.05.03 10:36	s/l	371	0.51	1.05263	1.05263	1.04402	-125.46	4916.20
891	2022.05.04 15:30	buy	372	0.24	1.05412	1.05213	1.05910	0.00	4916.20
892	2022.05.04 21:01	modify	372	0.24	1.05412	1.05422	1.05910	0.00	4916.20
893	2022.05.04 21:10	s/l	372	0.24	1.05422	1.05422	1.05910	2.40	4918.60
894	2022.05.18 15:15	buy	373	1.01	1.05222	1.05029	1.05705	0.00	4918.60
895	2022.05.18 17:31	s/l	373	1.01	1.05029	1.05029	1.05705	-194.93	4723.67
896	2022.05.26 10:45	buy	374	0.11	1.06934	1.06734	1.07434	0.00	4723.67
897	2022.05.26 18:13	modify	374	0.11	1.06934	1.06944	1.07434	0.00	4723.67
898	2022.05.27 04:33	t/p	374	0.11	1.07434	1.06944	1.07434	54.08	4777.76
899	2022.06.01 16:45	sell	375	0.96	1.07130	1.07328	1.06635	0.00	4777.76
900	2022.06.01 17:04	modify	375	0.96	1.07130	1.07120	1.06635	0.00	4777.76
901	2022.06.01 17:18	t/p	375	0.96	1.06635	1.07120	1.06635	475.20	5252.96
902	2022.06.08 11:45	sell	376	0.65	1.06769	1.06970	1.06267	0.00	5252.96
903	2022.06.08 12:30	s/l	376	0.65	1.06970	1.06970	1.06267	-130.65	5122.31
904	2022.06.21 09:45	buy	377	0.33	1.05279	1.05126	1.05662	0.00	5122.31
905	2022.06.21 10:16	modify	377	0.33	1.05279	1.05289	1.05662	0.00	5122.31
906	2022.06.21 11:19	t/p	377	0.33	1.05662	1.05289	1.05662	126.39	5248.70
907	2022.06.22 16:00	buy	378	1.16	1.05310	1.05130	1.05760	0.00	5248.70
908	2022.06.22 16:41	modify	378	1.16	1.05310	1.05320	1.05760	0.00	5248.70
909	2022.06.22 17:37	t/p	378	1.16	1.05760	1.05320	1.05760	522.00	5770.70
910	2022.06.27 10:00	buy	379	0.89	1.05686	1.05524	1.06091	0.00	5770.70
911	2022.06.27 17:48	modify	379	0.89	1.05686	1.05696	1.06091	0.00	5770.70
912	2022.06.27 18:15	t/p	379	0.89	1.06091	1.05696	1.06091	360.45	6131.15
913	2022.06.28 11:30	buy	380	0.99	1.05880	1.05726	1.06265	0.00	6131.15
914	2022.06.28 14:52	s/l	380	0.99	1.05726	1.05726	1.06265	-152.46	5978.69
915	2022.07.13 10:00	sell	381	0.39	1.00335	1.00488	0.99953	0.00	5978.69
916	2022.07.13 10:00	s/l	381	0.39	1.00488	1.00488	0.99953	-59.67	5919.02
917	2022.07.19 08:15	buy	382	0.31	1.01413	1.01223	1.01888	0.00	5919.02
918	2022.07.19 10:00	modify	382	0.31	1.01413	1.01423	1.01888	0.00	5919.02
919	2022.07.19 10:29	t/p	382	0.31	1.01888	1.01423	1.01888	147.25	6066.27
920	2022.08.11 09:15	buy	383	0.77	1.02897	1.02741	1.03287	0.00	6066.27
921	2022.08.11 09:58	modify	383	0.77	1.02897	1.02907	1.03287	0.00	6066.27
922	2022.08.11 10:33	t/p	383	0.77	1.03287	1.02907	1.03287	300.30	6366.57
923	2022.08.17 09:15	sell	384	1.03	1.01733	1.01887	1.01348	0.00	6366.57
924	2022.08.17 10:20	modify	384	1.03	1.01733	1.01723	1.01348	0.00	6366.57
925	2022.08.17 11:27	s/l	384	1.03	1.01723	1.01723	1.01348	10.30	6376.87
926	2022.08.17 14:30	sell	385	0.80	1.01597	1.01794	1.01105	0.00	6376.87
927	2022.08.17 17:04	s/l	385	0.80	1.01794	1.01794	1.01105	-157.60	6219.27
928	2022.08.18 09:00	sell	386	0.19	1.01644	1.01806	1.01239	0.00	6219.27
929	2022.08.18 13:09	s/l	386	0.19	1.01806	1.01806	1.01239	-30.78	6188.49
930	2022.08.18 15:45	sell	387	0.13	1.01654	1.01889	1.01067	0.00	6188.49
931	2022.08.18 16:45	modify	387	0.13	1.01654	1.01644	1.01067	0.00	6188.49
932	2022.08.18 19:17	t/p	387	0.13	1.01067	1.01644	1.01067	76.31	6264.80
933	2022.08.24 09:00	sell	388	1.35	0.99430	0.99615	0.98968	0.00	6264.80
934	2022.08.24 15:45	modify	388	1.35	0.99430	0.99420	0.98968	0.00	6264.80
935	2022.08.24 17:46	s/l	388	1.35	0.99420	0.99420	0.98968	13.50	6278.30
936	2022.11.17 09:45	buy	389	0.41	1.03868	1.03681	1.04336	0.00	6278.30
937	2022.11.17 11:34	s/l	389	0.41	1.03681	1.03681	1.04336	-76.67	6201.63
938	2022.12.06 10:30	sell	390	0.27	1.04892	1.05116	1.04332	0.00	6201.63
939	2022.12.06 13:20	s/l	390	0.27	1.05116	1.05116	1.04332	-60.48	6141.15
940	2022.12.08 11:00	buy	391	0.18	1.05268	1.05104	1.05678	0.00	6141.15
941	2022.12.08 11:20	s/l	391	0.18	1.05104	1.05104	1.05678	-29.52	6111.63
942	2022.12.13 08:00	buy	392	0.34	1.05518	1.05342	1.05958	0.00	6111.63
943	2022.12.13 10:49	s/l	392	0.34	1.05342	1.05342	1.05958	-59.84	6051.79
944	2022.12.15 08:30	buy	393	0.19	1.06600	1.06447	1.06983	0.00	6051.79
945	2022.12.15 09:44	s/l	393	0.19	1.06447	1.06447	1.06983	-29.07	6022.72
946	2022.12.21 11:00	buy	394	0.30	1.06346	1.06147	1.06844	0.00	6022.72
947	2022.12.21 11:37	s/l	394	0.30	1.06147	1.06147	1.06844	-59.70	5963.02
948	2022.12.21 14:30	buy	395	0.34	1.06196	1.06025	1.06624	0.00	5963.02
949	2022.12.21 16:44	s/l	395	0.34	1.06025	1.06025	1.06624	-58.14	5904.88
950	2022.12.22 11:45	buy	396	0.19	1.06419	1.06269	1.06794	0.00	5904.88
951	2022.12.22 13:00	s/l	396	0.19	1.06269	1.06269	1.06794	-28.50	5876.38
952	2022.12.22 15:00	buy	397	0.13	1.06371	1.06147	1.06931	0.00	5876.38
953	2022.12.22 15:34	s/l	397	0.13	1.06147	1.06147	1.06931	-29.12	5847.26
954	2022.12.26 15:15	buy	398	0.36	1.06300	1.06141	1.06698	0.00	5847.26
955	2022.12.27 04:01	modify	398	0.36	1.06300	1.06310	1.06698	0.00	5847.26
956	2022.12.27 15:00	s/l	398	0.36	1.06310	1.06310	1.06698	0.60	5847.85
957	2022.12.28 16:30	buy	399	1.04	1.06541	1.06317	1.07101	0.00	5847.85
958	2022.12.28 17:36	s/l	399	1.04	1.06317	1.06317	1.07101	-232.96	5614.89
959	2023.01.04 15:30	buy	400	0.26	1.06138	1.05929	1.06661	0.00	5614.89
960	2023.01.04 17:04	s/l	400	0.26	1.05929	1.05929	1.06661	-54.34	5560.55
961	2023.01.05 08:15	buy	401	0.14	1.06197	1.06001	1.06687	0.00	5560.55
962	2023.01.05 09:44	s/l	401	0.14	1.06001	1.06001	1.06687	-27.44	5533.11
963	2023.01.05 11:45	buy	402	0.15	1.06257	1.06076	1.06710	0.00	5533.11
964	2023.01.05 13:24	s/l	402	0.15	1.06076	1.06076	1.06710	-27.15	5505.96
965	2023.01.11 11:30	buy	403	0.23	1.07468	1.07235	1.08051	0.00	5505.96
966	2023.01.12 15:28	modify	403	0.23	1.07468	1.07478	1.08051	0.00	5505.96
967	2023.01.12 15:28	t/p	403	0.23	1.08051	1.07478	1.08051	128.33	5634.29
968	2023.01.17 09:45	buy	404	1.40	1.08260	1.08100	1.08660	0.00	5634.29
969	2023.01.17 12:28	s/l	404	1.40	1.08100	1.08100	1.08660	-224.00	5410.29
970	2023.01.24 15:00	sell	405	0.29	1.08598	1.08784	1.08133	0.00	5410.29
971	2023.01.24 15:26	s/l	405	0.29	1.08784	1.08784	1.08133	-53.94	5356.35
972	2023.01.30 09:30	sell	406	0.35	1.08567	1.08718	1.08190	0.00	5356.35
973	2023.01.30 10:00	s/l	406	0.35	1.08718	1.08718	1.08190	-52.85	5303.50
974	2023.02.08 15:00	sell	407	0.30	1.07338	1.07513	1.06901	0.00	5303.50
975	2023.02.09 10:23	s/l	407	0.30	1.07513	1.07513	1.06901	-50.22	5253.29
976	2023.02.15 14:00	sell	408	0.34	1.07111	1.07263	1.06731	0.00	5253.29
977	2023.02.15 15:30	modify	408	0.34	1.07111	1.07101	1.06731	0.00	5253.29
978	2023.02.15 16:23	t/p	408	0.34	1.06731	1.07101	1.06731	129.20	5382.49
979	2023.02.16 10:30	buy	409	0.57	1.07194	1.07007	1.07662	0.00	5382.49
980	2023.02.16 10:54	s/l	409	0.57	1.07007	1.07007	1.07662	-106.59	5275.90
981	2023.02.20 15:45	buy	410	0.30	1.06855	1.06684	1.07283	0.00	5275.90
982	2023.02.21 03:13	s/l	410	0.30	1.06684	1.06684	1.07283	-53.80	5222.09
983	2023.02.21 16:00	sell	411	0.27	1.06529	1.06716	1.06062	0.00	5222.09
984	2023.02.21 16:35	s/l	411	0.27	1.06716	1.06716	1.06062	-50.49	5171.60
985	2023.02.23 09:30	sell	412	0.15	1.06124	1.06296	1.05694	0.00	5171.60
986	2023.02.23 13:22	modify	412	0.15	1.06124	1.06114	1.05694	0.00	5171.60
987	2023.02.23 14:29	s/l	412	0.15	1.06114	1.06114	1.05694	1.50	5173.10
988	2023.03.09 16:00	buy	413	0.43	1.05744	1.05506	1.06339	0.00	5173.10
989	2023.03.10 15:30	modify	413	0.43	1.05744	1.05754	1.06339	0.00	5173.10
990	2023.03.10 15:42	t/p	413	0.43	1.06339	1.05754	1.06339	252.26	5425.37
991	2023.03.14 11:45	buy	414	0.77	1.07069	1.06894	1.07507	0.00	5425.37
992	2023.03.14 14:30	modify	414	0.77	1.07069	1.07079	1.07507	0.00	5425.37
993	2023.03.14 14:35	s/l	414	0.77	1.07079	1.07079	1.07507	7.70	5433.07
994	2023.03.16 11:30	sell	415	0.33	1.06092	1.06296	1.05582	0.00	5433.07
995	2023.03.16 14:43	modify	415	0.33	1.06092	1.06082	1.05582	0.00	5433.07
996	2023.03.16 15:15	s/l	415	0.33	1.06082	1.06082	1.05582	3.30	5436.37
997	2023.03.27 10:30	sell	416	0.61	1.07620	1.07842	1.07065	0.00	5436.37
998	2023.03.27 16:24	s/l	416	0.61	1.07842	1.07842	1.07065	-135.42	5300.95
999	2023.03.29 16:00	buy	417	0.31	1.08539	1.08370	1.08962	0.00	5300.95
1000	2023.03.29 16:23	s/l	417	0.31	1.08370	1.08370	1.08962	-52.39	5248.56
1001	2023.04.04 09:30	buy	418	0.27	1.08998	1.08810	1.09468	0.00	5248.56
1002	2023.04.04 10:52	modify	418	0.27	1.08998	1.09008	1.09468	0.00	5248.56
1003	2023.04.04 14:59	s/l	418	0.27	1.09008	1.09008	1.09468	2.70	5251.26
1004	2023.04.05 15:30	buy	419	1.26	1.09522	1.09356	1.09937	0.00	5251.26
1005	2023.04.05 17:10	s/l	419	1.26	1.09356	1.09356	1.09937	-209.16	5042.10
1006	2023.04.10 14:30	sell	420	0.28	1.08936	1.09114	1.08491	0.00	5042.10
1007	2023.04.10 15:09	modify	420	0.28	1.08936	1.08926	1.08491	0.00	5042.10
1008	2023.04.10 15:59	t/p	420	0.28	1.08491	1.08926	1.08491	124.60	5166.70
1009	2023.04.11 10:15	buy	421	1.26	1.08954	1.08790	1.09364	0.00	5166.70
1010	2023.04.11 12:32	modify	421	1.26	1.08954	1.08964	1.09364	0.00	5166.70
1011	2023.04.11 20:12	s/l	421	1.26	1.08964	1.08964	1.09364	12.60	5179.30
1012	2023.04.19 10:45	sell	422	0.78	1.09581	1.09745	1.09171	0.00	5179.30
1013	2023.04.19 12:32	modify	422	0.78	1.09581	1.09571	1.09171	0.00	5179.30
1014	2023.04.19 16:07	s/l	422	0.78	1.09571	1.09571	1.09171	7.80	5187.10
1015	2023.05.02 11:00	sell	423	0.56	1.09858	1.10086	1.09288	0.00	5187.10
1016	2023.05.02 12:58	modify	423	0.56	1.09858	1.09848	1.09288	0.00	5187.10
1017	2023.05.02 17:35	s/l	423	0.56	1.09848	1.09848	1.09288	5.60	5192.70
1018	2023.05.10 11:00	sell	424	0.65	1.09646	1.09845	1.09149	0.00	5192.70
1019	2023.05.10 15:31	s/l	424	0.65	1.09845	1.09845	1.09149	-129.35	5063.35
1020	2023.05.16 16:45	buy	425	0.31	1.08878	1.08717	1.09281	0.00	5063.35
1021	2023.05.16 17:04	s/l	425	0.31	1.08717	1.08717	1.09281	-49.91	5013.44
1022	2023.05.22 09:30	buy	426	0.31	1.08212	1.08053	1.08610	0.00	5013.44
1023	2023.05.22 10:13	s/l	426	0.31	1.08053	1.08053	1.08610	-49.29	4964.15
1024	2023.05.24 16:45	sell	427	0.25	1.07770	1.07961	1.07293	0.00	4964.15
1025	2023.05.25 00:03	modify	427	0.25	1.07770	1.07760	1.07293	0.00	4964.15
1026	2023.05.25 09:08	t/p	427	0.25	1.07293	1.07760	1.07293	121.15	5085.30
1027	2023.06.01 10:30	sell	428	0.62	1.06724	1.06887	1.06317	0.00	5085.30
1028	2023.06.01 12:03	s/l	428	0.62	1.06887	1.06887	1.06317	-101.06	4984.24
1029	2023.06.15 11:00	buy	429	0.12	1.08272	1.08065	1.08790	0.00	4984.24
1030	2023.06.15 15:30	modify	429	0.12	1.08272	1.08282	1.08790	0.00	4984.24
1031	2023.06.15 15:41	t/p	429	0.12	1.08790	1.08282	1.08790	62.16	5046.40
1032	2023.06.21 16:00	buy	430	1.06	1.09252	1.09062	1.09727	0.00	5046.40
1033	2023.06.21 17:35	modify	430	1.06	1.09252	1.09262	1.09727	0.00	5046.40
1034	2023.06.21 19:51	t/p	430	1.06	1.09727	1.09262	1.09727	503.50	5549.90
1035	2023.07.19 09:15	sell	431	0.71	1.12182	1.12377	1.11695	0.00	5549.90
1036	2023.07.19 12:18	s/l	431	0.71	1.12377	1.12377	1.11695	-138.45	5411.45
1037	2023.07.20 10:45	sell	432	0.12	1.12018	1.12230	1.11488	0.00	5411.45
1038	2023.07.20 17:09	modify	432	0.12	1.12018	1.12008	1.11488	0.00	5411.45
1039	2023.07.20 17:30	t/p	432	0.12	1.11488	1.12008	1.11488	63.60	5475.05
1040	2023.07.24 10:30	sell	433	0.87	1.11241	1.11490	1.10619	0.00	5475.05
1041	2023.07.24 10:32	modify	433	0.87	1.11241	1.11231	1.10619	0.00	5475.05
1042	2023.07.24 22:41	t/p	433	0.87	1.10619	1.11231	1.10619	541.14	6016.19
1043	2023.07.27 10:15	buy	434	0.36	1.11082	1.10878	1.11592	0.00	6016.19
1044	2023.07.27 11:56	modify	434	0.36	1.11082	1.11092	1.11592	0.00	6016.19
1045	2023.07.27 15:17	s/l	434	0.36	1.11092	1.11092	1.11592	3.60	6019.79
1046	2023.08.02 09:15	sell	435	0.94	1.09833	1.09993	1.09433	0.00	6019.79
1047	2023.08.02 15:40	modify	435	0.94	1.09833	1.09823	1.09433	0.00	6019.79
1048	2023.08.02 17:09	t/p	435	0.94	1.09433	1.09823	1.09433	376.00	6395.79
1049	2023.08.03 15:30	sell	436	0.34	1.09279	1.09508	1.08707	0.00	6395.79
1050	2023.08.03 15:41	s/l	436	0.34	1.09508	1.09508	1.08707	-77.86	6317.93
1051	2023.08.29 10:30	buy	437	0.35	1.08241	1.08064	1.08684	0.00	6317.93
1052	2023.08.29 12:07	s/l	437	0.35	1.08064	1.08064	1.08684	-61.95	6255.98
1053	2023.09.12 16:00	sell	438	0.39	1.07073	1.07231	1.06678	0.00	6255.98
1054	2023.09.12 18:08	s/l	438	0.39	1.07231	1.07231	1.06678	-61.62	6194.36
1055	2023.09.20 16:15	buy	439	0.32	1.07094	1.06902	1.07574	0.00	6194.36
1056	2023.09.20 21:01	s/l	439	0.32	1.06902	1.06902	1.07574	-61.44	6132.92
1057	2023.09.25 15:00	sell	440	0.40	1.06305	1.06456	1.05928	0.00	6132.92
1058	2023.09.25 16:31	modify	440	0.40	1.06305	1.06295	1.05928	0.00	6132.92
1059	2023.09.25 17:07	t/p	440	0.40	1.05928	1.06295	1.05928	150.80	6283.72
1060	2023.10.10 11:15	buy	441	1.00	1.05824	1.05574	1.06449	0.00	6283.72
1061	2023.10.10 19:03	modify	441	1.00	1.05824	1.05834	1.06449	0.00	6283.72
1062	2023.10.11 15:30	s/l	441	1.00	1.05834	1.05834	1.06449	1.66	6285.37
1063	2023.11.21 16:15	buy	442	0.87	1.09548	1.09369	1.09996	0.00	6285.37
1064	2023.11.21 17:53	s/l	442	0.87	1.09369	1.09369	1.09996	-155.73	6129.64
1065	2023.11.22 10:30	sell	443	0.29	1.09005	1.09216	1.08478	0.00	6129.64
1066	2023.11.22 17:00	modify	443	0.29	1.09005	1.08995	1.08478	0.00	6129.64
1067	2023.11.23 04:12	s/l	443	0.29	1.08995	1.08995	1.08478	5.11	6134.75
1068	2023.11.28 15:30	buy	444	1.46	1.09600	1.09433	1.10018	0.00	6134.75
1069	2023.11.28 17:04	modify	444	1.46	1.09600	1.09610	1.10018	0.00	6134.75
1070	2023.11.28 17:43	t/p	444	1.46	1.10018	1.09610	1.10018	610.28	6745.03
1071	2023.12.04 15:45	sell	445	1.03	1.08617	1.08780	1.08210	0.00	6745.03
1072	2023.12.04 16:12	modify	445	1.03	1.08617	1.08607	1.08210	0.00	6745.03
1073	2023.12.04 16:20	t/p	445	1.03	1.08210	1.08607	1.08210	419.21	7164.24
1074	2024.01.08 10:15	sell	446	0.97	1.09323	1.09506	1.08866	0.00	7164.24
1075	2024.01.08 13:21	s/l	446	0.97	1.09506	1.09506	1.08866	-177.51	6986.73
1076	2024.01.09 11:15	sell	447	0.45	1.09385	1.09539	1.09000	0.00	6986.73
1077	2024.01.09 18:03	modify	447	0.45	1.09385	1.09375	1.09000	0.00	6986.73
1078	2024.01.09 19:27	s/l	447	0.45	1.09375	1.09375	1.09000	4.50	6991.23
1079	2024.01.18 11:30	buy	448	0.71	1.08942	1.08747	1.09430	0.00	6991.23
1080	2024.01.18 14:58	s/l	448	0.71	1.08747	1.08747	1.09430	-138.45	6852.78
1081	2024.01.24 11:15	buy	449	0.28	1.08847	1.08606	1.09450	0.00	6852.78
1082	2024.01.24 15:50	modify	449	0.28	1.08847	1.08857	1.09450	0.00	6852.78
1083	2024.01.24 21:19	s/l	449	0.28	1.08857	1.08857	1.09450	2.80	6855.58
1084	2024.02.29 16:15	buy	450	0.70	1.08463	1.08268	1.08951	0.00	6855.58
1085	2024.02.29 17:52	s/l	450	0.70	1.08268	1.08268	1.08951	-136.50	6719.08
1086	2024.04.17 16:15	buy	451	0.43	1.06450	1.06294	1.06840	0.00	6719.08
1087	2024.04.17 20:58	modify	451	0.43	1.06450	1.06460	1.06840	0.00	6719.08
1088	2024.04.18 09:04	t/p	451	0.43	1.06840	1.06460	1.06840	156.94	6876.02
1089	2024.07.08 09:45	buy	452	1.71	1.08286	1.08126	1.08686	0.00	6876.02
1090	2024.07.09 14:39	s/l	452	1.71	1.08126	1.08126	1.08686	-287.87	6588.15
1091	2024.07.25 16:30	sell	453	0.19	1.08402	1.08567	1.07990	0.00	6588.15
1092	2024.07.25 17:50	s/l	453	0.19	1.08567	1.08567	1.07990	-31.35	6556.80
1093	2024.07.31 15:30	buy	454	0.37	1.08404	1.08230	1.08839	0.00	6556.80
1094	2024.07.31 17:47	s/l	454	0.37	1.08230	1.08230	1.08839	-64.38	6492.42
1095	2024.08.01 16:15	sell	455	0.15	1.07890	1.08102	1.07360	0.00	6492.42
1096	2024.08.01 17:00	s/l	455	0.15	1.08102	1.08102	1.07360	-31.80	6460.62
1097	2024.08.22 11:15	buy	456	0.15	1.11458	1.11253	1.11971	0.00	6460.62
1098	2024.08.22 16:45	s/l	456	0.15	1.11253	1.11253	1.11971	-30.75	6429.87
1099	2024.08.28 11:30	sell	457	0.37	1.11438	1.11610	1.11008	0.00	6429.87
1100	2024.08.28 14:57	modify	457	0.37	1.11438	1.11428	1.11008	0.00	6429.87
1101	2024.08.29 11:04	t/p	457	0.37	1.11008	1.11428	1.11008	161.91	6591.78
1102	2024.09.24 15:15	buy	458	1.52	1.11373	1.11200	1.11806	0.00	6591.78
1103	2024.09.24 17:28	modify	458	1.52	1.11373	1.11383	1.11806	0.00	6591.78
1104	2024.09.24 23:56	t/p	458	1.52	1.11806	1.11383	1.11806	658.16	7249.94
1105	2024.09.26 16:15	sell	459	0.39	1.11409	1.11640	1.10832	0.00	7249.94
1106	2024.09.26 17:43	s/l	459	0.39	1.11640	1.11640	1.10832	-90.09	7159.85
1107	2024.10.24 16:15	buy	460	0.22	1.08021	1.07865	1.08411	0.00	7159.85
1108	2024.10.24 21:50	modify	460	0.22	1.08021	1.08031	1.08411	0.00	7159.85
1109	2024.10.25 19:50	s/l	460	0.22	1.08031	1.08031	1.08411	0.36	7160.22
1110	2024.10.30 15:45	buy	461	1.33	1.08308	1.08093	1.08846	0.00	7160.22
1111	2024.10.30 17:44	modify	461	1.33	1.08308	1.08318	1.08846	0.00	7160.22
1112	2024.10.31 14:41	t/p	461	1.33	1.08846	1.08318	1.08846	682.25	7842.46
1113	2024.10.31 16:30	buy	462	0.44	1.08715	1.08495	1.09265	0.00	7842.46
1114	2024.10.31 17:51	s/l	462	0.44	1.08495	1.08495	1.09265	-96.80	7745.66
1115	2024.11.13 16:30	sell	463	0.37	1.06206	1.06413	1.05689	0.00	7745.66
1116	2024.11.13 16:52	modify	463	0.37	1.06206	1.06196	1.05689	0.00	7745.66
1117	2024.11.13 17:06	t/p	463	0.37	1.05689	1.06196	1.05689	191.29	7936.95
1118	2024.11.18 15:30	buy	464	1.77	1.05572	1.05393	1.06020	0.00	7936.95
1119	2024.11.18 18:58	modify	464	1.77	1.05572	1.05582	1.06020	0.00	7936.95
1120	2024.11.18 21:06	t/p	464	1.77	1.06020	1.05582	1.06020	792.96	8729.91
1121	2024.11.21 16:15	sell	465	0.66	1.05245	1.05410	1.04833	0.00	8729.91
1122	2024.11.21 17:08	s/l	465	0.66	1.05410	1.05410	1.04833	-108.90	8621.01
1123	2024.11.26 10:00	sell	466	0.55	1.04719	1.04874	1.04332	0.00	8621.01
1124	2024.11.26 10:21	s/l	466	0.55	1.04874	1.04874	1.04332	-85.25	8535.76
1125	2024.11.28 16:45	buy	467	0.28	1.05445	1.05294	1.05823	0.00	8535.76
1126	2024.11.29 02:36	modify	467	0.28	1.05445	1.05455	1.05823	0.00	8535.76
1127	2024.11.29 09:00	t/p	467	0.28	1.05823	1.05455	1.05823	103.50	8639.27
1128	2024.12.02 09:15	sell	468	1.59	1.05174	1.05391	1.04632	0.00	8639.27
1129	2024.12.02 16:42	modify	468	1.59	1.05174	1.05164	1.04632	0.00	8639.27
1130	2024.12.02 17:02	t/p	468	1.59	1.04632	1.05164	1.04632	861.78	9501.05
1131	2024.12.03 16:00	buy	469	1.55	1.05244	1.05091	1.05627	0.00	9501.05
1132	2024.12.03 17:00	s/l	469	1.55	1.05091	1.05091	1.05627	-237.15	9263.90
1133	2024.12.04 10:45	sell	470	0.49	1.04980	1.05168	1.04510	0.00	9263.90
1134	2024.12.04 17:00	s/l	470	0.49	1.05168	1.05168	1.04510	-92.12	9171.78
1135	2024.12.05 11:45	buy	471	0.30	1.05342	1.05191	1.05720	0.00	9171.78
1136	2024.12.05 15:30	modify	471	0.30	1.05342	1.05352	1.05720	0.00	9171.78
1137	2024.12.05 16:00	t/p	471	0.30	1.05720	1.05352	1.05720	113.40	9285.18
1138	2025.01.02 11:45	sell	472	1.13	1.03557	1.03721	1.03147	0.00	9285.18
1139	2025.01.02 12:48	modify	472	1.13	1.03557	1.03547	1.03147	0.00	9285.18
1140	2025.01.02 12:49	t/p	472	1.13	1.03147	1.03547	1.03147	463.30	9748.48
1141	2025.01.14 16:30	buy	473	1.02	1.02652	1.02414	1.03247	0.00	9748.48
1142	2025.01.14 18:16	modify	473	1.02	1.02652	1.02662	1.03247	0.00	9748.48
1143	2025.01.15 15:30	t/p	473	1.02	1.03247	1.02662	1.03247	598.39	10346.87
1144	2025.01.27 09:45	buy	474	1.40	1.04703	1.04519	1.05163	0.00	10346.87
1145	2025.01.27 12:05	modify	474	1.40	1.04703	1.04713	1.05163	0.00	10346.87
1146	2025.01.27 13:13	t/p	474	1.40	1.05163	1.04713	1.05163	644.00	10990.87
1147	2025.01.30 11:15	sell	475	0.84	1.04097	1.04260	1.03690	0.00	10990.87
1148	2025.01.30 15:53	s/l	475	0.84	1.04260	1.04260	1.03690	-136.92	10853.95
1149	2025.02.04 15:15	buy	476	0.70	1.03361	1.03207	1.03746	0.00	10853.95
1150	2025.02.04 16:18	modify	476	0.70	1.03361	1.03371	1.03746	0.00	10853.95
1151	2025.02.04 17:00	t/p	476	0.70	1.03746	1.03371	1.03746	269.50	11123.45
1152	2025.03.12 16:45	buy	477	1.86	1.09028	1.08790	1.09623	0.00	11123.45
1153	2025.03.13 08:07	s/l	477	1.86	1.08790	1.08790	1.09623	-489.24	10634.21
1154	2025.03.13 09:45	sell	478	0.21	1.08621	1.08870	1.07999	0.00	10634.21
1155	2025.03.13 15:12	modify	478	0.21	1.08621	1.08611	1.07999	0.00	10634.21
1156	2025.03.13 16:03	s/l	478	0.21	1.08611	1.08611	1.07999	2.10	10636.31
1157	2025.03.17 15:00	buy	479	2.59	1.09018	1.08854	1.09428	0.00	10636.31
1158	2025.03.17 17:25	modify	479	2.59	1.09018	1.09028	1.09428	0.00	10636.31
1159	2025.03.18 10:11	t/p	479	2.59	1.09428	1.09028	1.09428	1040.29	11676.60
1160	2025.03.19 15:00	sell	480	1.70	1.09014	1.09185	1.08587	0.00	11676.60
1161	2025.03.19 17:58	modify	480	1.70	1.09014	1.09004	1.08587	0.00	11676.60
1162	2025.03.19 20:36	s/l	480	1.70	1.09004	1.09004	1.08587	17.00	11693.60
1163	2025.03.24 14:00	sell	481	1.53	1.08320	1.08510	1.07845	0.00	11693.60
1164	2025.03.24 15:51	modify	481	1.53	1.08320	1.08310	1.07845	0.00	11693.60
1165	2025.03.24 18:41	t/p	481	1.53	1.07845	1.08310	1.07845	726.75	12420.35
1166	2025.03.25 16:15	sell	482	1.38	1.08051	1.08276	1.07489	0.00	12420.35
1167	2025.03.26 15:29	modify	482	1.38	1.08051	1.08041	1.07489	0.00	12420.35
1168	2025.03.26 21:17	t/p	482	1.38	1.07489	1.08041	1.07489	779.06	13199.41
1169	2025.03.27 15:45	buy	483	0.77	1.07959	1.07746	1.08492	0.00	13199.41
1170	2025.03.28 11:03	s/l	483	0.77	1.07746	1.07746	1.08492	-170.43	13028.97
1171	2025.04.17 10:45	buy	484	0.33	1.13697	1.13505	1.14177	0.00	13028.97
1172	2025.04.17 15:16	s/l	484	0.33	1.13505	1.13505	1.14177	-63.36	12965.61
1173	2025.04.29 10:45	buy	485	0.63	1.14052	1.13848	1.14562	0.00	12965.61
1174	2025.04.29 11:13	s/l	485	0.63	1.13848	1.13848	1.14562	-128.52	12837.09
1175	2025.04.29 15:30	buy	486	0.69	1.13862	1.13676	1.14327	0.00	12837.09
1176	2025.04.29 16:18	modify	486	0.69	1.13862	1.13872	1.14327	0.00	12837.09
1177	2025.04.29 17:47	s/l	486	0.69	1.13872	1.13872	1.14327	6.90	12843.99
1178	2025.04.30 10:30	sell	487	2.42	1.13797	1.14009	1.13267	0.00	12843.99
1179	2025.04.30 18:21	modify	487	2.42	1.13797	1.13787	1.13267	0.00	12843.99
1180	2025.04.30 18:30	t/p	487	2.42	1.13267	1.13787	1.13267	1282.60	14126.59
1181	2025.05.01 15:00	sell	488	0.77	1.13197	1.13425	1.12627	0.00	14126.59
1182	2025.05.01 17:20	modify	488	0.77	1.13197	1.13187	1.12627	0.00	14126.59
1183	2025.05.02 09:10	s/l	488	0.77	1.13187	1.13187	1.12627	9.65	14136.24
1184	2025.05.14 09:30	buy	489	2.09	1.11946	1.11777	1.12369	0.00	14136.24
1185	2025.05.14 11:03	modify	489	2.09	1.11946	1.11956	1.12369	0.00	14136.24
1186	2025.05.14 11:07	t/p	489	2.09	1.12369	1.11956	1.12369	884.07	15020.31
1187	2025.05.15 09:30	buy	490	0.76	1.12077	1.11831	1.12692	0.00	15020.31
1188	2025.05.15 14:34	s/l	490	0.76	1.11831	1.11831	1.12692	-186.96	14833.35
1189	2025.05.22 15:45	sell	491	0.31	1.12926	1.13164	1.12331	0.00	14833.35
1190	2025.05.22 20:28	modify	491	0.31	1.12926	1.12916	1.12331	0.00	14833.35
1191	2025.05.23 03:24	s/l	491	0.31	1.12916	1.12916	1.12331	3.89	14837.24
1192	2025.05.27 09:15	buy	492	2.59	1.13874	1.13645	1.14447	0.00	14837.24
1193	2025.05.27 09:59	s/l	492	2.59	1.13645	1.13645	1.14447	-593.11	14244.13
1194	2025.05.28 14:00	sell	493	0.84	1.13254	1.13422	1.12834	0.00	14244.13
1195	2025.05.28 16:11	modify	493	0.84	1.13254	1.13244	1.12834	0.00	14244.13
1196	2025.05.29 02:10	t/p	493	0.84	1.12834	1.13244	1.12834	359.19	14603.32
1197	2025.06.16 08:15	buy	494	3.62	1.15458	1.15297	1.15861	0.00	14603.32
1198	2025.06.16 09:51	modify	494	3.62	1.15458	1.15468	1.15861	0.00	14603.32
1199	2025.06.16 16:00	t/p	494	3.62	1.15861	1.15468	1.15861	1458.86	16062.18
1200	2025.06.18 11:30	sell	495	2.59	1.15033	1.15188	1.14646	0.00	16062.18
1201	2025.06.18 17:04	s/l	495	2.59	1.15188	1.15188	1.14646	-401.45	15660.73
1202	2025.07.09 10:45	sell	496	0.77	1.17098	1.17299	1.16596	0.00	15660.73
1203	2025.07.10 02:39	s/l	496	0.77	1.17299	1.17299	1.16596	-148.91	15511.82
1204	2025.07.17 09:15	sell	497	0.40	1.16080	1.16271	1.15603	0.00	15511.82
1205	2025.07.17 09:30	modify	497	0.40	1.16080	1.16070	1.15603	0.00	15511.82
1206	2025.07.17 15:30	t/p	497	0.40	1.15603	1.16070	1.15603	190.80	15702.62
1207	2025.07.22 16:45	buy	498	2.76	1.16990	1.16763	1.17558	0.00	15702.62
1208	2025.07.22 18:16	modify	498	2.76	1.16990	1.17000	1.17558	0.00	15702.62
1209	2025.07.22 19:07	t/p	498	2.76	1.17558	1.17000	1.17558	1567.68	17270.30
1210	2025.10.09 09:15	sell	499	1.24	1.16299	1.16472	1.15867	0.00	17270.30
1211	2025.10.09 11:35	modify	499	1.24	1.16299	1.16289	1.15867	0.00	17270.30
1212	2025.10.09 17:22	t/p	499	1.24	1.15867	1.16289	1.15867	535.68	17805.98
1213	2025.10.14 09:30	sell	500	2.17	1.15710	1.15915	1.15198	0.00	17805.98
1214	2025.10.14 17:40	s/l	500	2.17	1.15915	1.15915	1.15198	-444.85	17361.13
1215	2025.10.15 16:45	buy	501	0.91	1.16272	1.16083	1.16745	0.00	17361.13
1216	2025.10.16 03:27	modify	501	0.91	1.16272	1.16282	1.16745	0.00	17361.13
1217	2025.10.16 04:51	t/p	501	0.91	1.16745	1.16282	1.16745	407.65	17768.78
1218	2025.11.10 09:45	buy	502	3.72	1.15705	1.15514	1.16183	0.00	17768.78
1219	2025.11.10 17:41	s/l	502	3.72	1.15514	1.15514	1.16183	-710.52	17058.26
1220	2025.12.16 16:00	buy	503	0.81	1.17758	1.17549	1.18281	0.00	17058.26
1221	2025.12.16 20:07	s/l	503	0.81	1.17549	1.17549	1.18281	-169.29	16888.97
1222	2025.12.24 11:00	buy	504	0.77	1.17995	1.17776	1.18543	0.00	16888.97
1223	2025.12.24 16:55	s/l	504	0.77	1.17776	1.17776	1.18543	-168.63	16720.34
1224	2026.01.12 15:15	buy	505	0.99	1.16925	1.16757	1.17345	0.00	16720.34
1225	2026.01.12 16:29	s/l	505	0.99	1.16757	1.16757	1.17345	-166.32	16554.02
1226	2026.01.19 09:15	buy	506	0.96	1.16400	1.16228	1.16830	0.00	16554.02
1227	2026.01.19 10:07	s/l	506	0.96	1.16228	1.16228	1.16830	-165.12	16388.90
1228	2026.01.29 15:00	buy	507	0.44	1.19613	1.19429	1.20073	0.00	16388.90
1229	2026.01.29 15:49	s/l	507	0.44	1.19429	1.19429	1.20073	-80.96	16307.94
1230	2026.02.04 16:15	sell	508	0.81	1.18076	1.18276	1.17576	0.00	16307.94
1231	2026.02.05 23:02	modify	508	0.81	1.18076	1.18066	1.17576	0.00	16307.94
1232	2026.02.06 15:49	s/l	508	0.81	1.18066	1.18066	1.17576	16.32	16324.26
1233	2026.02.18 16:00	sell	509	2.66	1.18236	1.18481	1.17624	0.00	16324.26
1234	2026.02.18 20:47	modify	509	2.66	1.18236	1.18226	1.17624	0.00	16324.26
1235	2026.02.19 15:04	t/p	509	2.66	1.17624	1.18226	1.17624	1648.16	17972.41
1236	2026.02.25 16:00	sell	510	2.38	1.17734	1.17922	1.17264	0.00	17972.41
1237	2026.02.25 17:07	s/l	510	2.38	1.17922	1.17922	1.17264	-447.44	17524.97
1238	2026.03.17 09:15	buy	511	1.09	1.14885	1.14725	1.15285	0.00	17524.97
1239	2026.03.17 10:48	modify	511	1.09	1.14885	1.14895	1.15285	0.00	17524.97
1240	2026.03.17 15:00	t/p	511	1.09	1.15285	1.14895	1.15285	436.00	17960.97
