1	2020.01.08 10:30	sell	1	0.51	1.11373	1.11568	1.10886	0.00	10000.00
2	2020.01.08 23:45	modify	1	0.51	1.11373	1.11363	1.10886	0.00	10000.00
3	2020.01.10 13:01	t/p	1	0.51	1.10886	1.11363	1.10886	253.54	10253.54
4	2020.02.24 10:30	buy	2	1.61	1.08283	1.08029	1.08918	0.00	10253.54
5	2020.02.24 19:25	modify	2	1.61	1.08283	1.08293	1.08918	0.00	10253.54
6	2020.02.26 10:50	t/p	2	1.61	1.08918	1.08293	1.08918	995.48	11249.03
7	2020.04.09 15:30	buy	3	0.58	1.08716	1.08475	1.09319	0.00	11249.03
8	2020.04.09 15:57	modify	3	0.58	1.08716	1.08726	1.09319	0.00	11249.03
9	2020.04.09 16:23	t/p	3	0.58	1.09319	1.08726	1.09319	349.74	11598.77
10	2020.04.20 09:00	sell	4	1.54	1.08553	1.08741	1.08083	0.00	11598.77
11	2020.04.20 11:46	s/l	4	1.54	1.08741	1.08741	1.08083	-289.52	11309.25
12	2020.04.28 10:30	buy	5	0.48	1.08307	1.08076	1.08885	0.00	11309.25
13	2020.04.28 12:20	modify	5	0.48	1.08307	1.08317	1.08885	0.00	11309.25
14	2020.04.28 17:59	s/l	5	0.48	1.08317	1.08317	1.08885	4.80	11314.05
15	2020.04.29 16:00	buy	6	2.28	1.08573	1.08375	1.09068	0.00	11314.05
16	2020.04.30 10:05	modify	6	2.28	1.08573	1.08583	1.09068	0.00	11314.05
17	2020.04.30 16:08	s/l	6	2.28	1.08583	1.08583	1.09068	-34.27	11279.77
18	2020.05.13 14:00	buy	7	0.37	1.08652	1.08355	1.09395	0.00	11279.77
19	2020.05.13 18:20	s/l	7	0.37	1.08355	1.08355	1.09395	-109.89	11169.88
20	2020.05.18 15:30	buy	8	0.39	1.08356	1.08070	1.09071	0.00	11169.88
21	2020.05.18 18:19	modify	8	0.39	1.08356	1.08366	1.09071	0.00	11169.88
22	2020.05.18 18:47	t/p	8	0.39	1.09071	1.08366	1.09071	278.85	11448.73
23	2020.06.09 10:00	sell	9	1.52	1.12679	1.12980	1.11927	0.00	11448.73
24	2020.06.09 15:29	s/l	9	1.52	1.12980	1.12980	1.11927	-457.52	10991.21
25	2020.06.17 11:00	sell	10	0.37	1.12667	1.12959	1.11937	0.00	10991.21
26	2020.06.17 15:16	modify	10	0.37	1.12667	1.12657	1.11937	0.00	10991.21
27	2020.06.18 19:59	t/p	10	0.37	1.11937	1.12657	1.11937	272.91	11264.13
28	2020.06.24 14:00	buy	11	1.72	1.13069	1.12808	1.13722	0.00	11264.13
29	2020.06.24 15:05	s/l	11	1.72	1.12808	1.12808	1.13722	-448.92	10815.21
30	2020.07.08 16:30	buy	12	0.35	1.13067	1.12758	1.13840	0.00	10815.21
31	2020.07.09 06:46	modify	12	0.35	1.13067	1.13077	1.13840	0.00	10815.21
32	2020.07.09 17:20	s/l	12	0.35	1.13077	1.13077	1.13840	-5.26	10809.95
33	2020.07.20 08:00	buy	13	0.35	1.14428	1.14125	1.15186	0.00	10809.95
34	2020.07.20 16:43	s/l	13	0.35	1.14125	1.14125	1.15186	-106.05	10703.90
35	2020.07.21 15:30	buy	14	0.52	1.14496	1.14294	1.15001	0.00	10703.90
36	2020.07.21 16:11	s/l	14	0.52	1.14294	1.14294	1.15001	-105.04	10598.86
37	2020.07.29 16:00	buy	15	0.38	1.17440	1.17164	1.18130	0.00	10598.86
38	2020.07.29 20:41	modify	15	0.38	1.17440	1.17450	1.18130	0.00	10598.86
39	2020.07.30 11:41	s/l	15	0.38	1.17450	1.17450	1.18130	-5.71	10593.14
40	2020.08.17 15:00	buy	16	0.43	1.18564	1.18318	1.19179	0.00	10593.14
41	2020.08.18 04:07	modify	16	0.43	1.18564	1.18574	1.19179	0.00	10593.14
42	2020.08.18 15:19	t/p	16	0.43	1.19179	1.18574	1.19179	260.86	10854.01
43	2020.08.25 11:00	buy	17	1.40	1.18264	1.17956	1.19034	0.00	10854.01
44	2020.08.26 14:59	s/l	17	1.40	1.17956	1.17956	1.19034	-442.88	10411.12
45	2020.08.26 15:00	sell	18	0.43	1.17960	1.18199	1.17363	0.00	10411.12
46	2020.08.26 17:28	s/l	18	0.43	1.18199	1.18199	1.17363	-102.77	10308.35
47	2020.09.10 11:30	buy	19	0.28	1.18319	1.18138	1.18772	0.00	10308.35
48	2020.09.10 15:31	modify	19	0.28	1.18319	1.18329	1.18772	0.00	10308.35
49	2020.09.10 15:31	t/p	19	0.28	1.18772	1.18329	1.18772	126.84	10435.19
50	2020.10.07 14:30	buy	20	1.56	1.17738	1.17471	1.18406	0.00	10435.19
51	2020.10.08 16:04	s/l	20	1.56	1.17471	1.17471	1.18406	-455.57	9979.62
52	2020.10.26 10:30	sell	21	0.32	1.18189	1.18494	1.17427	0.00	9979.62
53	2020.10.28 00:20	modify	21	0.32	1.18189	1.18179	1.17427	0.00	9979.62
54	2020.10.28 12:21	t/p	21	0.32	1.17427	1.18179	1.17427	245.46	10225.09
55	2020.11.10 10:00	sell	22	1.94	1.18168	1.18378	1.17643	0.00	10225.09
56	2020.11.10 10:28	s/l	22	1.94	1.18378	1.18378	1.17643	-407.40	9817.69
57	2020.11.11 10:00	sell	23	0.44	1.18082	1.18301	1.17535	0.00	9817.69
58	2020.11.11 12:55	modify	23	0.44	1.18082	1.18072	1.17535	0.00	9817.69
59	2020.11.11 16:08	t/p	23	0.44	1.17535	1.18072	1.17535	240.68	10058.37
60	2020.12.01 15:30	buy	24	2.00	1.19823	1.19622	1.20326	0.00	10058.37
61	2020.12.01 17:17	modify	24	2.00	1.19823	1.19833	1.20326	0.00	10058.37
62	2020.12.01 17:49	t/p	24	2.00	1.20326	1.19833	1.20326	1006.00	11064.37
63	2020.12.10 15:00	buy	25	0.43	1.21110	1.20792	1.21905	0.00	11064.37
64	2020.12.10 17:05	modify	25	0.43	1.21110	1.21120	1.21905	0.00	11064.37
65	2020.12.10 18:37	s/l	25	0.43	1.21120	1.21120	1.21905	4.30	11068.67
66	2020.12.15 11:30	buy	26	0.93	1.21592	1.21296	1.22332	0.00	11068.67
67	2020.12.15 14:59	s/l	26	0.93	1.21296	1.21296	1.22332	-275.28	10793.39
68	2020.12.15 16:30	buy	27	0.35	1.21529	1.21229	1.22279	0.00	10793.39
69	2020.12.16 10:34	modify	27	0.35	1.21529	1.21539	1.22279	0.00	10793.39
70	2020.12.16 21:00	s/l	27	0.35	1.21539	1.21539	1.22279	0.58	10793.97
71	2020.12.22 10:30	sell	28	1.73	1.22069	1.22318	1.21447	0.00	10793.97
72	2020.12.22 12:52	s/l	28	1.73	1.22318	1.22318	1.21447	-430.77	10363.20
73	2020.12.23 10:30	sell	29	0.46	1.21804	1.22029	1.21242	0.00	10363.20
74	2020.12.23 16:30	s/l	29	0.46	1.22029	1.22029	1.21242	-103.50	10259.70
75	2021.01.05 11:30	buy	30	0.36	1.22839	1.22561	1.23534	0.00	10259.70
76	2021.01.05 17:01	s/l	30	0.36	1.22561	1.22561	1.23534	-100.08	10159.62
77	2021.01.28 11:00	sell	31	0.20	1.20909	1.21153	1.20299	0.00	10159.62
78	2021.01.28 12:46	s/l	31	0.20	1.21153	1.21153	1.20299	-48.80	10110.82
79	2021.03.10 16:00	buy	32	0.32	1.19108	1.18799	1.19881	0.00	10110.82
80	2021.03.11 10:29	modify	32	0.32	1.19108	1.19118	1.19881	0.00	10110.82
81	2021.03.11 20:03	t/p	32	0.32	1.19881	1.19118	1.19881	239.35	10350.17
82	2021.03.16 15:00	sell	33	1.34	1.19230	1.19537	1.18463	0.00	10350.17
83	2021.03.17 20:01	s/l	33	1.34	1.19537	1.19537	1.18463	-407.98	9942.19
84	2021.04.08 16:00	buy	34	0.21	1.18928	1.18692	1.19518	0.00	9942.19
85	2021.04.09 15:43	s/l	34	0.21	1.18692	1.18692	1.19518	-51.31	9890.87
86	2021.05.05 15:30	sell	35	0.39	1.19956	1.20206	1.19331	0.00	9890.87
87	2021.05.06 10:04	s/l	35	0.39	1.20206	1.20206	1.19331	-94.53	9796.34
88	2021.06.23 11:00	buy	36	0.34	1.19383	1.19096	1.20101	0.00	9796.34
89	2021.06.28 14:40	s/l	36	0.34	1.19096	1.19096	1.20101	-111.76	9684.58
90	2021.06.30 15:30	sell	37	0.49	1.18775	1.18969	1.18290	0.00	9684.58
91	2021.06.30 18:41	modify	37	0.49	1.18775	1.18765	1.18290	0.00	9684.58
92	2021.07.01 14:56	s/l	37	0.49	1.18765	1.18765	1.18290	8.63	9693.20
93	2021.07.07 16:00	sell	38	1.73	1.18159	1.18382	1.17602	0.00	9693.20
94	2021.07.07 17:32	modify	38	1.73	1.18159	1.18149	1.17602	0.00	9693.20
95	2021.07.07 21:02	s/l	38	1.73	1.18149	1.18149	1.17602	17.30	9710.50
96	2021.07.20 15:30	sell	39	0.99	1.17704	1.17948	1.17094	0.00	9710.50
97	2021.07.21 17:40	s/l	39	0.99	1.17948	1.17948	1.17094	-239.05	9471.45
98	2021.07.22 16:00	buy	40	0.15	1.18000	1.17688	1.18780	0.00	9471.45
99	2021.07.22 18:36	s/l	40	0.15	1.17688	1.17688	1.18780	-46.80	9424.65
100	2021.07.27 15:30	buy	41	0.33	1.18119	1.17838	1.18822	0.00	9424.65
101	2021.07.28 16:53	s/l	41	0.33	1.17838	1.17838	1.18822	-95.48	9329.17
102	2021.08.04 16:00	buy	42	0.29	1.18893	1.18574	1.19691	0.00	9329.17
103	2021.08.04 17:09	s/l	42	0.29	1.18574	1.18574	1.19691	-92.51	9236.66
104	2021.10.13 16:30	buy	43	0.33	1.15619	1.15343	1.16309	0.00	9236.66
105	2021.10.14 10:02	modify	43	0.33	1.15619	1.15629	1.16309	0.00	9236.66
106	2021.10.19 04:32	t/p	43	0.33	1.16309	1.15629	1.16309	211.18	9447.84
107	2021.11.04 16:00	sell	44	0.87	1.15534	1.15751	1.14992	0.00	9447.84
108	2021.11.05 14:30	modify	44	0.87	1.15534	1.15524	1.14992	0.00	9447.84
109	2021.11.05 17:39	s/l	44	0.87	1.15524	1.15524	1.14992	10.91	9458.75
110	2021.11.09 16:00	buy	45	0.82	1.15962	1.15677	1.16675	0.00	9458.75
111	2021.11.10 09:30	s/l	45	0.82	1.15677	1.15677	1.16675	-240.54	9218.20
112	2021.12.01 11:30	buy	46	0.30	1.13306	1.13005	1.14059	0.00	9218.20
113	2021.12.02 19:00	s/l	46	0.30	1.13005	1.13005	1.14059	-97.81	9120.39
114	2021.12.30 15:00	buy	47	0.16	1.13430	1.13154	1.14120	0.00	9120.39
115	2021.12.30 15:55	s/l	47	0.16	1.13154	1.13154	1.14120	-44.16	9076.23
116	2022.01.05 16:00	buy	48	0.40	1.13239	1.13013	1.13804	0.00	9076.23
117	2022.01.06 08:24	s/l	48	0.40	1.13013	1.13013	1.13804	-100.41	8975.82
118	2022.02.07 10:30	buy	49	0.40	1.14456	1.14235	1.15009	0.00	8975.82
119	2022.02.07 11:13	s/l	49	0.40	1.14235	1.14235	1.15009	-88.40	8887.42
120	2022.02.07 14:00	buy	50	0.30	1.14432	1.14140	1.15162	0.00	8887.42
121	2022.02.08 08:04	s/l	50	0.30	1.14140	1.14140	1.15162	-90.10	8797.32
122	2022.02.08 15:30	sell	51	0.36	1.14049	1.14291	1.13444	0.00	8797.32
123	2022.02.09 04:24	s/l	51	0.36	1.14291	1.14291	1.13444	-86.21	8711.11
124	2022.03.28 15:00	sell	52	0.27	1.09634	1.09952	1.08839	0.00	8711.11
125	2022.03.28 19:49	s/l	52	0.27	1.09952	1.09952	1.08839	-85.86	8625.25
126	2022.03.29 10:00	buy	53	0.32	1.10035	1.09772	1.10693	0.00	8625.25
127	2022.03.29 12:03	s/l	53	0.32	1.09772	1.09772	1.10693	-84.16	8541.09
128	2022.04.11 10:30	buy	54	0.28	1.09025	1.08720	1.09788	0.00	8541.09
129	2022.04.12 03:46	s/l	54	0.28	1.08720	1.08720	1.09788	-87.74	8453.35
130	2022.04.13 09:30	sell	55	0.43	1.08275	1.08469	1.07790	0.00	8453.35
131	2022.04.13 14:32	s/l	55	0.43	1.08469	1.08469	1.07790	-83.42	8369.93
132	2022.04.21 08:30	buy	56	0.21	1.08463	1.08272	1.08941	0.00	8369.93
133	2022.04.21 09:30	modify	56	0.21	1.08463	1.08473	1.08941	0.00	8369.93
134	2022.04.21 09:41	t/p	56	0.21	1.08941	1.08473	1.08941	100.38	8470.31
135	2022.05.03 08:00	sell	57	1.37	1.05017	1.05263	1.04402	0.00	8470.31
136	2022.05.03 10:36	s/l	57	1.37	1.05263	1.05263	1.04402	-337.02	8133.29
137	2022.05.04 16:00	buy	58	0.25	1.05533	1.05213	1.06333	0.00	8133.29
138	2022.05.04 21:32	s/l	58	0.25	1.05213	1.05213	1.06333	-80.00	8053.29
139	2022.05.12 09:00	sell	59	0.16	1.05024	1.05274	1.04399	0.00	8053.29
140	2022.05.12 10:13	modify	59	0.16	1.05024	1.05014	1.04399	0.00	8053.29
141	2022.05.12 12:03	t/p	59	0.16	1.04399	1.05014	1.04399	100.00	8153.29
142	2022.06.01 11:00	sell	60	1.34	1.07154	1.07397	1.06547	0.00	8153.29
143	2022.06.01 17:06	modify	60	1.34	1.07154	1.07144	1.06547	0.00	8153.29
144	2022.06.01 17:26	t/p	60	1.34	1.06547	1.07144	1.06547	813.38	8966.67
145	2022.06.21 10:00	buy	61	1.06	1.05321	1.05110	1.05849	0.00	8966.67
146	2022.06.21 10:53	modify	61	1.06	1.05321	1.05331	1.05849	0.00	8966.67
147	2022.06.21 19:11	s/l	61	1.06	1.05331	1.05331	1.05849	10.60	8977.27
148	2022.06.22 15:00	sell	62	1.15	1.05116	1.05311	1.04629	0.00	8977.27
149	2022.06.22 15:53	s/l	62	1.15	1.05311	1.05311	1.04629	-224.25	8753.02
150	2022.06.28 09:30	buy	63	0.33	1.05950	1.05685	1.06613	0.00	8753.02
151	2022.06.28 14:55	s/l	63	0.33	1.05685	1.05685	1.06613	-87.45	8665.57
152	2022.07.14 11:30	sell	64	0.15	1.00212	1.00484	0.99532	0.00	8665.57
153	2022.07.14 12:57	s/l	64	0.15	1.00484	1.00484	0.99532	-40.80	8624.77
154	2022.07.26 10:30	buy	65	0.30	1.02346	1.02063	1.03054	0.00	8624.77
155	2022.07.26 11:07	s/l	65	0.30	1.02063	1.02063	1.03054	-84.90	8539.87
156	2022.07.27 16:00	sell	66	0.33	1.01431	1.01689	1.00786	0.00	8539.87
157	2022.07.27 19:19	modify	66	0.33	1.01431	1.01421	1.00786	0.00	8539.87
158	2022.07.27 20:57	s/l	66	0.33	1.01421	1.01421	1.00786	3.30	8543.17
159	2022.08.01 10:00	buy	67	1.53	1.02337	1.02115	1.02892	0.00	8543.17
160	2022.08.01 11:41	modify	67	1.53	1.02337	1.02347	1.02892	0.00	8543.17
161	2022.08.01 14:51	s/l	67	1.53	1.02347	1.02347	1.02892	15.30	8558.47
162	2022.08.17 14:30	sell	68	0.87	1.01597	1.01842	1.00985	0.00	8558.47
163	2022.08.17 17:05	s/l	68	0.87	1.01842	1.01842	1.00985	-213.15	8345.32
164	2022.08.18 16:30	sell	69	0.12	1.01556	1.01889	1.00724	0.00	8345.32
165	2022.08.18 19:17	modify	69	0.12	1.01556	1.01546	1.00724	0.00	8345.32
166	2022.08.19 04:41	t/p	69	0.12	1.00724	1.01546	1.00724	100.14	8445.47
167	2022.08.24 09:00	sell	70	1.59	0.99430	0.99642	0.98900	0.00	8445.47
168	2022.08.24 17:05	modify	70	1.59	0.99430	0.99420	0.98900	0.00	8445.47
169	2022.08.24 17:46	s/l	70	1.59	0.99420	0.99420	0.98900	15.90	8461.37
170	2022.09.07 10:30	sell	71	1.04	0.98950	0.99152	0.98445	0.00	8461.37
171	2022.09.07 10:56	s/l	71	1.04	0.99152	0.99152	0.98445	-210.08	8251.29
172	2022.09.07 14:00	sell	72	0.43	0.98972	0.99162	0.98497	0.00	8251.29
173	2022.09.07 16:36	s/l	72	0.43	0.99162	0.99162	0.98497	-81.70	8169.59
174	2022.09.20 09:30	buy	73	0.32	1.00362	1.00110	1.00992	0.00	8169.59
175	2022.09.20 11:13	s/l	73	0.32	1.00110	1.00110	1.00992	-80.64	8088.95
176	2022.10.06 10:30	buy	74	0.18	0.99123	0.98910	0.99656	0.00	8088.95
177	2022.10.06 11:21	s/l	74	0.18	0.98910	0.98910	0.99656	-38.34	8050.61
178	2022.10.25 16:00	buy	75	0.39	0.98748	0.98542	0.99263	0.00	8050.61
179	2022.10.25 16:16	modify	75	0.39	0.98748	0.98758	0.99263	0.00	8050.61
180	2022.10.25 16:24	t/p	75	0.39	0.99263	0.98758	0.99263	200.85	8251.46
181	2022.11.17 08:30	buy	76	0.82	1.03864	1.03665	1.04362	0.00	8251.46
182	2022.11.17 11:35	s/l	76	0.82	1.03665	1.03665	1.04362	-163.18	8088.28
183	2022.11.22 16:00	sell	77	0.44	1.02605	1.02788	1.02148	0.00	8088.28
184	2022.11.22 17:23	s/l	77	0.44	1.02788	1.02788	1.02148	-80.52	8007.76
185	2022.11.29 09:00	sell	78	0.24	1.03592	1.03917	1.02780	0.00	8007.76
186	2022.11.29 10:47	s/l	78	0.24	1.03917	1.03917	1.02780	-78.00	7929.76
187	2022.12.13 08:00	buy	79	0.41	1.05518	1.05328	1.05993	0.00	7929.76
188	2022.12.13 10:49	s/l	79	0.41	1.05328	1.05328	1.05993	-77.90	7851.86
189	2022.12.21 14:00	sell	80	0.31	1.06059	1.06308	1.05437	0.00	7851.86
190	2022.12.21 14:48	s/l	80	0.31	1.06308	1.06308	1.05437	-77.19	7774.67
191	2022.12.22 15:00	buy	81	0.15	1.06371	1.06117	1.07006	0.00	7774.67
192	2022.12.22 15:34	s/l	81	0.15	1.06117	1.06117	1.07006	-38.10	7736.57
193	2022.12.22 16:00	sell	82	0.12	1.06110	1.06410	1.05360	0.00	7736.57
194	2022.12.27 01:32	s/l	82	0.12	1.06410	1.06410	1.05360	-35.09	7701.48
195	2022.12.28 16:30	buy	83	0.34	1.06541	1.06317	1.07101	0.00	7701.48
196	2022.12.28 17:36	s/l	83	0.34	1.06317	1.06317	1.07101	-76.16	7625.32
197	2023.01.05 09:00	sell	84	0.19	1.06027	1.06220	1.05545	0.00	7625.32
198	2023.01.05 10:26	s/l	84	0.19	1.06220	1.06220	1.05545	-36.67	7588.65
199	2023.01.05 10:30	buy	85	0.12	1.06198	1.05882	1.06988	0.00	7588.65
200	2023.01.05 15:15	s/l	85	0.12	1.05882	1.05882	1.06988	-37.92	7550.73
201	2023.01.11 11:30	buy	86	0.32	1.07468	1.07235	1.08051	0.00	7550.73
202	2023.01.12 15:28	modify	86	0.32	1.07468	1.07478	1.08051	0.00	7550.73
203	2023.01.12 15:28	t/p	86	0.32	1.08051	1.07478	1.08051	178.55	7729.28
204	2023.01.17 10:00	buy	87	1.68	1.08284	1.08100	1.08744	0.00	7729.28
205	2023.01.17 12:28	s/l	87	1.68	1.08100	1.08100	1.08744	-309.12	7420.16
206	2023.01.24 15:00	sell	88	0.39	1.08598	1.08784	1.08133	0.00	7420.16
207	2023.01.24 15:26	s/l	88	0.39	1.08784	1.08784	1.08133	-72.54	7347.62
208	2023.01.24 15:30	buy	89	0.28	1.08784	1.08522	1.09439	0.00	7347.62
209	2023.01.24 16:45	s/l	89	0.28	1.08522	1.08522	1.09439	-73.36	7274.26
210	2023.02.09 10:30	buy	90	0.11	1.07541	1.07221	1.08341	0.00	7274.26
211	2023.02.10 05:21	s/l	90	0.11	1.07221	1.07221	1.08341	-36.12	7238.14
212	2023.02.16 16:00	sell	91	0.11	1.06794	1.07109	1.06007	0.00	7238.14
213	2023.02.17 08:31	modify	91	0.11	1.06794	1.06784	1.06007	0.00	7238.14
214	2023.02.17 17:19	s/l	91	0.11	1.06784	1.06784	1.06007	1.38	7239.52
215	2023.02.28 10:30	buy	92	1.07	1.06070	1.05801	1.06743	0.00	7239.52
216	2023.02.28 22:34	s/l	92	1.07	1.05801	1.05801	1.06743	-287.83	6951.69
217	2023.03.06 14:00	buy	93	0.35	1.06396	1.06202	1.06881	0.00	6951.69
218	2023.03.06 16:39	modify	93	0.35	1.06396	1.06406	1.06881	0.00	6951.69
219	2023.03.06 17:52	t/p	93	0.35	1.06881	1.06406	1.06881	169.75	7121.44
220	2023.03.09 16:00	buy	94	0.59	1.05744	1.05506	1.06339	0.00	7121.44
221	2023.03.10 15:30	modify	94	0.59	1.05744	1.05754	1.06339	0.00	7121.44
222	2023.03.10 15:42	t/p	94	0.59	1.06339	1.05754	1.06339	346.13	7467.57
223	2023.03.30 11:00	buy	95	0.27	1.08552	1.08217	1.09390	0.00	7467.57
224	2023.03.30 15:36	modify	95	0.27	1.08552	1.08562	1.09390	0.00	7467.57
225	2023.03.31 20:30	s/l	95	0.27	1.08562	1.08562	1.09390	0.45	7468.02
226	2023.04.04 09:30	buy	96	0.99	1.08998	1.08810	1.09468	0.00	7468.02
227	2023.04.04 10:52	modify	96	0.99	1.08998	1.09008	1.09468	0.00	7468.02
228	2023.04.04 14:59	s/l	96	0.99	1.09008	1.09008	1.09468	9.90	7477.92
229	2023.04.10 14:30	sell	97	0.95	1.08936	1.09131	1.08449	0.00	7477.92
230	2023.04.10 15:16	modify	97	0.95	1.08936	1.08926	1.08449	0.00	7477.92
231	2023.04.10 16:43	t/p	97	0.95	1.08449	1.08926	1.08449	462.65	7940.57
232	2023.05.10 11:00	sell	98	0.99	1.09646	1.09845	1.09149	0.00	7940.57
233	2023.05.10 15:31	s/l	98	0.99	1.09845	1.09845	1.09149	-197.01	7743.56
234	2023.06.01 16:00	buy	99	0.15	1.07083	1.06825	1.07728	0.00	7743.56
235	2023.06.01 18:36	modify	99	0.15	1.07083	1.07093	1.07728	0.00	7743.56
236	2023.06.02 09:00	t/p	99	0.15	1.07728	1.07093	1.07728	95.50	7839.06
237	2023.06.15 11:00	buy	100	0.61	1.08272	1.08019	1.08905	0.00	7839.06
238	2023.06.15 15:31	modify	100	0.61	1.08272	1.08282	1.08905	0.00	7839.06
239	2023.06.15 16:20	t/p	100	0.61	1.08905	1.08282	1.08905	386.13	8225.19
240	2023.06.21 16:00	buy	101	1.08	1.09252	1.09062	1.09727	0.00	8225.19
241	2023.06.21 17:35	modify	101	1.08	1.09252	1.09262	1.09727	0.00	8225.19
242	2023.06.21 19:51	t/p	101	1.08	1.09727	1.09262	1.09727	513.00	8738.19
243	2023.07.19 09:30	sell	102	1.06	1.12172	1.12377	1.11660	0.00	8738.19
244	2023.07.19 12:18	s/l	102	1.06	1.12377	1.12377	1.11660	-217.30	8520.89
245	2023.07.19 14:00	sell	103	0.32	1.12161	1.12422	1.11509	0.00	8520.89
246	2023.07.19 17:49	modify	103	0.32	1.12161	1.12151	1.11509	0.00	8520.89
247	2023.07.20 03:51	s/l	103	0.32	1.12151	1.12151	1.11509	5.63	8526.52
248	2023.07.20 15:30	sell	104	0.83	1.11942	1.12146	1.11432	0.00	8526.52
249	2023.07.20 17:17	modify	104	0.83	1.11942	1.11932	1.11432	0.00	8526.52
250	2023.07.20 17:42	t/p	104	0.83	1.11432	1.11932	1.11432	423.30	8949.82
251	2023.08.02 09:30	sell	105	1.06	1.09816	1.10027	1.09289	0.00	8949.82
252	2023.08.02 17:00	modify	105	1.06	1.09816	1.09806	1.09289	0.00	8949.82
253	2023.08.02 17:26	t/p	105	1.06	1.09289	1.09806	1.09289	558.62	9508.44
254	2023.08.03 15:30	sell	106	0.51	1.09279	1.09508	1.08707	0.00	9508.44
255	2023.08.03 15:41	s/l	106	0.51	1.09508	1.09508	1.08707	-116.79	9391.65
256	2023.08.09 16:00	buy	107	0.43	1.09819	1.09601	1.10364	0.00	9391.65
257	2023.08.10 10:15	modify	107	0.43	1.09819	1.09829	1.10364	0.00	9391.65
258	2023.08.10 15:30	t/p	107	0.43	1.10364	1.09829	1.10364	223.59	9615.24
259	2023.09.06 16:30	sell	108	2.13	1.07296	1.07476	1.06846	0.00	9615.24
260	2023.09.07 15:24	modify	108	2.13	1.07296	1.07286	1.06846	0.00	9615.24
261	2023.09.08 17:00	s/l	108	2.13	1.07286	1.07286	1.06846	42.91	9658.14
262	2023.10.05 16:30	buy	109	0.40	1.05280	1.04982	1.06025	0.00	9658.14
263	2023.10.06 15:46	s/l	109	0.40	1.04982	1.04982	1.06025	-122.54	9535.61
264	2023.10.10 11:00	buy	110	0.48	1.05721	1.05525	1.06211	0.00	9535.61
265	2023.10.10 11:46	modify	110	0.48	1.05721	1.05731	1.06211	0.00	9535.61
266	2023.10.10 14:52	s/l	110	0.48	1.05731	1.05731	1.06211	4.80	9540.41
267	2023.11.22 10:30	sell	111	1.80	1.09005	1.09216	1.08478	0.00	9540.41
268	2023.11.22 17:00	modify	111	1.80	1.09005	1.08995	1.08478	0.00	9540.41
269	2023.11.23 04:12	s/l	111	1.80	1.08995	1.08995	1.08478	31.69	9572.10
270	2023.11.28 16:00	buy	112	0.82	1.09723	1.09433	1.10448	0.00	9572.10
271	2023.11.29 03:01	modify	112	0.82	1.09723	1.09733	1.10448	0.00	9572.10
272	2023.11.29 11:42	s/l	112	0.82	1.09733	1.09733	1.10448	1.36	9573.46
273	2024.01.08 10:30	sell	113	1.09	1.09325	1.09543	1.08780	0.00	9573.46
274	2024.01.08 15:38	s/l	113	1.09	1.09543	1.09543	1.08780	-237.62	9335.84
275	2024.01.18 11:30	buy	114	0.23	1.08942	1.08747	1.09430	0.00	9335.84
276	2024.01.18 14:58	s/l	114	0.23	1.08747	1.08747	1.09430	-44.85	9290.99
277	2024.01.18 15:00	sell	115	0.25	1.08776	1.08961	1.08314	0.00	9290.99
278	2024.01.18 16:46	modify	115	0.25	1.08776	1.08766	1.08314	0.00	9290.99
279	2024.01.18 23:35	s/l	115	0.25	1.08766	1.08766	1.08314	2.50	9293.49
280	2024.05.29 16:30	sell	116	1.49	1.08355	1.08604	1.07733	0.00	9293.49
281	2024.05.30 03:10	modify	116	1.49	1.08355	1.08345	1.07733	0.00	9293.49
282	2024.05.30 17:06	s/l	116	1.49	1.08345	1.08345	1.07733	26.24	9319.72
283	2024.06.06 15:30	buy	117	0.39	1.08900	1.08602	1.09645	0.00	9319.72
284	2024.06.07 15:30	s/l	117	0.39	1.08602	1.08602	1.09645	-119.47	9200.25
285	2024.06.27 16:00	buy	118	0.15	1.07196	1.06905	1.07924	0.00	9200.25
286	2024.06.28 04:27	s/l	118	0.15	1.06905	1.06905	1.07924	-44.90	9155.35
287	2024.08.22 11:30	buy	119	0.21	1.11467	1.11253	1.12002	0.00	9155.35
288	2024.08.22 16:45	s/l	119	0.21	1.11253	1.11253	1.12002	-44.94	9110.41
289	2024.10.24 16:30	buy	120	0.25	1.08046	1.07865	1.08499	0.00	9110.41
290	2024.10.25 11:17	modify	120	0.25	1.08046	1.08056	1.08499	0.00	9110.41
291	2024.10.25 19:33	s/l	120	0.25	1.08056	1.08056	1.08499	0.41	9110.82
292	2024.11.13 16:30	sell	121	1.05	1.06206	1.06553	1.05339	0.00	9110.82
293	2024.11.13 17:06	modify	121	1.05	1.06206	1.06196	1.05339	0.00	9110.82
294	2024.11.14 10:55	t/p	121	1.05	1.05339	1.06196	1.05339	918.34	10029.16
295	2024.11.18 15:30	buy	122	1.01	1.05572	1.05326	1.06187	0.00	10029.16
296	2024.11.18 20:33	modify	122	1.01	1.05572	1.05582	1.06187	0.00	10029.16
297	2024.11.19 11:17	s/l	122	1.01	1.05582	1.05582	1.06187	1.67	10030.83
298	2024.12.03 16:00	buy	123	1.24	1.05244	1.05042	1.05749	0.00	10030.83
299	2024.12.03 17:10	s/l	123	1.24	1.05042	1.05042	1.05749	-250.48	9780.35
300	2024.12.04 11:00	sell	124	0.37	1.04913	1.05173	1.04263	0.00	9780.35
301	2024.12.04 17:00	s/l	124	0.37	1.05173	1.05173	1.04263	-96.20	9684.15
302	2024.12.11 16:30	sell	125	0.30	1.05074	1.05390	1.04284	0.00	9684.15
303	2024.12.13 05:58	modify	125	0.30	1.05074	1.05064	1.04284	0.00	9684.15
304	2024.12.13 14:40	s/l	125	0.30	1.05064	1.05064	1.04284	6.04	9690.20
305	2024.12.31 15:00	sell	126	1.58	1.03926	1.04170	1.03316	0.00	9690.20
306	2024.12.31 17:54	modify	126	1.58	1.03926	1.03916	1.03316	0.00	9690.20
307	2025.01.02 12:48	t/p	126	1.58	1.03316	1.03916	1.03316	979.83	10670.02
308	2025.01.21 16:00	buy	127	0.76	1.03785	1.03436	1.04658	0.00	10670.02
309	2025.01.21 20:39	modify	127	0.76	1.03785	1.03795	1.04658	0.00	10670.02
310	2025.01.23 18:11	s/l	127	0.76	1.03795	1.03795	1.04658	-17.77	10652.26
311	2025.01.27 10:30	buy	128	0.52	1.04722	1.04519	1.05230	0.00	10652.26
312	2025.01.27 12:42	modify	128	0.52	1.04722	1.04732	1.05230	0.00	10652.26
313	2025.01.27 14:54	t/p	128	0.52	1.05230	1.04732	1.05230	264.16	10916.42
314	2025.01.30 11:30	sell	129	0.97	1.04084	1.04308	1.03524	0.00	10916.42
315	2025.01.30 15:53	s/l	129	0.97	1.04308	1.04308	1.03524	-217.28	10699.14
316	2025.02.20 15:30	buy	130	0.27	1.04511	1.04314	1.05004	0.00	10699.14
317	2025.02.20 19:10	modify	130	0.27	1.04511	1.04521	1.05004	0.00	10699.14
318	2025.02.20 21:47	t/p	130	0.27	1.05004	1.04521	1.05004	133.11	10832.25
319	2025.02.26 10:30	buy	131	2.19	1.05093	1.04896	1.05586	0.00	10832.25
320	2025.02.26 13:50	s/l	131	2.19	1.04896	1.04896	1.05586	-431.43	10400.82
321	2025.03.24 14:00	sell	132	0.42	1.08320	1.08563	1.07713	0.00	10400.82
322	2025.03.24 15:52	modify	132	0.42	1.08320	1.08310	1.07713	0.00	10400.82
323	2025.03.26 15:29	t/p	132	0.42	1.07713	1.08310	1.07713	257.07	10657.89
324	2025.03.27 09:30	sell	133	1.03	1.07634	1.07840	1.07119	0.00	10657.89
325	2025.03.27 13:03	s/l	133	1.03	1.07840	1.07840	1.07119	-212.18	10445.71
326	2025.04.02 16:00	buy	134	0.42	1.08187	1.07939	1.08807	0.00	10445.71
327	2025.04.02 17:51	modify	134	0.42	1.08187	1.08197	1.08807	0.00	10445.71
328	2025.04.02 23:13	t/p	134	0.42	1.08807	1.08197	1.08807	260.40	10706.11
329	2025.04.17 11:00	buy	135	0.82	1.13765	1.13505	1.14415	0.00	10706.11
330	2025.04.17 15:16	s/l	135	0.82	1.13505	1.13505	1.14415	-213.20	10492.91
331	2025.04.28 14:30	sell	136	0.57	1.13435	1.13617	1.12980	0.00	10492.91
332	2025.04.28 15:19	s/l	136	0.57	1.13617	1.13617	1.12980	-103.74	10389.17
333	2025.04.30 10:30	sell	137	0.49	1.13797	1.14009	1.13267	0.00	10389.17
334	2025.04.30 18:21	modify	137	0.49	1.13797	1.13787	1.13267	0.00	10389.17
335	2025.04.30 18:30	t/p	137	0.49	1.13267	1.13787	1.13267	259.70	10648.87
336	2025.05.06 16:00	buy	138	1.66	1.13401	1.13145	1.14041	0.00	10648.87
337	2025.05.06 22:44	modify	138	1.66	1.13401	1.13411	1.14041	0.00	10648.87
338	2025.05.07 01:08	s/l	138	1.66	1.13411	1.13411	1.14041	2.75	10651.62
339	2025.05.15 09:30	buy	139	0.54	1.12077	1.11831	1.12692	0.00	10651.62
340	2025.05.15 14:34	s/l	139	0.54	1.11831	1.11831	1.12692	-132.84	10518.78
341	2025.05.15 16:00	buy	140	0.16	1.12095	1.11768	1.12913	0.00	10518.78
342	2025.05.15 17:42	s/l	140	0.16	1.11768	1.11768	1.12913	-52.32	10466.46
343	2025.05.19 09:30	buy	141	0.39	1.12000	1.11737	1.12658	0.00	10466.46
344	2025.05.19 10:34	modify	141	0.39	1.12000	1.12010	1.12658	0.00	10466.46
345	2025.05.19 12:06	t/p	141	0.39	1.12658	1.12010	1.12658	256.62	10723.08
346	2025.05.22 16:00	sell	142	0.97	1.12945	1.13164	1.12398	0.00	10723.08
347	2025.05.22 20:19	modify	142	0.97	1.12945	1.12935	1.12398	0.00	10723.08
348	2025.05.23 03:32	s/l	142	0.97	1.12935	1.12935	1.12398	12.16	10735.24
349	2025.06.04 15:30	buy	143	1.00	1.14013	1.13746	1.14681	0.00	10735.24
350	2025.06.05 15:30	modify	143	1.00	1.14013	1.14023	1.14681	0.00	10735.24
351	2025.06.05 16:20	t/p	143	1.00	1.14681	1.14023	1.14681	642.97	11378.21
352	2025.06.10 10:00	sell	144	1.28	1.13940	1.14162	1.13385	0.00	11378.21
353	2025.06.10 12:41	s/l	144	1.28	1.14162	1.14162	1.13385	-284.16	11094.05
354	2025.06.11 11:30	buy	145	0.44	1.14278	1.14028	1.14903	0.00	11094.05
355	2025.06.11 15:30	modify	145	0.44	1.14278	1.14288	1.14903	0.00	11094.05
356	2025.06.11 19:33	t/p	145	0.44	1.14903	1.14288	1.14903	275.00	11369.05
357	2025.06.16 08:30	buy	146	1.49	1.15552	1.15247	1.16315	0.00	11369.05
358	2025.06.16 16:24	modify	146	1.49	1.15552	1.15562	1.16315	0.00	11369.05
359	2025.06.16 22:55	s/l	146	1.49	1.15562	1.15562	1.16315	14.90	11383.95
360	2025.06.18 11:30	sell	147	1.32	1.15033	1.15248	1.14496	0.00	11383.95
361	2025.06.18 18:29	s/l	147	1.32	1.15248	1.15248	1.14496	-283.80	11100.15
362	2025.06.30 08:00	buy	148	0.53	1.17301	1.17092	1.17824	0.00	11100.15
363	2025.06.30 15:33	s/l	148	0.53	1.17092	1.17092	1.17824	-110.77	10989.38
364	2025.07.09 11:00	sell	149	0.47	1.17069	1.17299	1.16494	0.00	10989.38
365	2025.07.10 02:39	s/l	149	0.47	1.17299	1.17299	1.16494	-104.52	10884.85
366	2025.08.21 15:00	sell	150	0.29	1.16405	1.16588	1.15948	0.00	10884.85
367	2025.08.21 17:40	modify	150	0.29	1.16405	1.16395	1.15948	0.00	10884.85
368	2025.08.22 06:38	t/p	150	0.29	1.15948	1.16395	1.15948	133.27	11018.12
369	2025.09.10 10:00	sell	151	2.00	1.16981	1.17201	1.16431	0.00	11018.12
370	2025.09.10 15:30	s/l	151	2.00	1.17201	1.17201	1.16431	-440.00	10578.12
371	2025.09.29 15:00	buy	152	0.47	1.17293	1.17070	1.17851	0.00	10578.12
372	2025.10.01 08:00	modify	152	0.47	1.17293	1.17303	1.17851	0.00	10578.12
373	2025.10.01 13:02	s/l	152	0.47	1.17303	1.17303	1.17851	-3.14	10574.97
374	2025.10.07 08:30	sell	153	0.53	1.16897	1.17094	1.16405	0.00	10574.97
375	2025.10.07 14:25	modify	153	0.53	1.16897	1.16887	1.16405	0.00	10574.97
376	2025.10.08 04:00	t/p	153	0.53	1.16405	1.16887	1.16405	262.10	10837.08
377	2025.10.09 09:30	sell	154	0.78	1.16229	1.16504	1.15542	0.00	10837.08
378	2025.10.09 17:26	modify	154	0.78	1.16229	1.16219	1.15542	0.00	10837.08
379	2025.10.09 18:33	t/p	154	0.78	1.15542	1.16219	1.15542	535.86	11372.94
380	2025.10.14 09:30	sell	155	1.14	1.15710	1.15959	1.15088	0.00	11372.94
381	2025.10.14 17:47	s/l	155	1.14	1.15959	1.15959	1.15088	-283.86	11089.08
382	2025.10.28 16:30	buy	156	0.34	1.16557	1.16234	1.17365	0.00	11089.08
383	2025.10.29 10:59	s/l	156	0.34	1.16234	1.16234	1.17365	-112.66	10976.42
384	2025.11.05 16:00	sell	157	0.49	1.14738	1.14958	1.14188	0.00	10976.42
385	2025.11.06 01:19	s/l	157	0.49	1.14958	1.14958	1.14188	-104.07	10872.35
386	2025.11.10 14:30	buy	158	0.53	1.15725	1.15520	1.16238	0.00	10872.35
387	2025.11.10 17:39	s/l	158	0.53	1.15520	1.15520	1.16238	-108.65	10763.70
388	2025.11.19 16:00	sell	159	0.52	1.15725	1.15931	1.15210	0.00	10763.70
389	2025.11.19 17:49	modify	159	0.52	1.15725	1.15715	1.15210	0.00	10763.70
390	2025.11.19 21:07	t/p	159	0.52	1.15210	1.15715	1.15210	267.80	11031.50
391	2025.12.01 09:30	buy	160	2.19	1.16082	1.15881	1.16585	0.00	11031.50
392	2025.12.01 14:39	modify	160	2.19	1.16082	1.16092	1.16585	0.00	11031.50
393	2025.12.01 21:11	s/l	160	2.19	1.16092	1.16092	1.16585	21.90	11053.40
394	2025.12.04 16:30	buy	161	0.55	1.16744	1.16497	1.17362	0.00	11053.40
395	2025.12.04 22:01	s/l	161	0.55	1.16497	1.16497	1.17362	-135.85	10917.55
396	2025.12.24 11:00	buy	162	0.49	1.17995	1.17776	1.18543	0.00	10917.55
397	2025.12.24 16:55	s/l	162	0.49	1.17776	1.17776	1.18543	-107.31	10810.24
398	2025.12.31 16:00	sell	163	0.55	1.17418	1.17613	1.16931	0.00	10810.24
399	2026.01.02 03:30	s/l	163	0.55	1.17613	1.17613	1.16931	-101.67	10708.57
400	2026.01.13 16:00	buy	164	0.51	1.16686	1.16480	1.17201	0.00	10708.57
401	2026.01.13 17:28	s/l	164	0.51	1.16480	1.16480	1.17201	-105.06	10603.51
402	2026.02.04 16:30	sell	165	0.50	1.18076	1.18288	1.17546	0.00	10603.51
403	2026.02.05 23:39	modify	165	0.50	1.18076	1.18066	1.17546	0.00	10603.51
404	2026.02.06 15:49	s/l	165	0.50	1.18066	1.18066	1.17546	10.07	10613.58
405	2026.02.10 16:00	buy	166	2.17	1.19056	1.18861	1.19544	0.00	10613.58
406	2026.02.11 02:01	s/l	166	2.17	1.18861	1.18861	1.19544	-441.26	10172.32
407	2026.02.18 16:00	sell	167	0.37	1.18236	1.18505	1.17564	0.00	10172.32
408	2026.02.18 21:22	modify	167	0.37	1.18236	1.18226	1.17564	0.00	10172.32
409	2026.02.19 15:06	t/p	167	0.37	1.17564	1.18226	1.17564	251.45	10423.78
410	2026.02.25 16:00	sell	168	2.21	1.17734	1.17922	1.17264	0.00	10423.78
411	2026.02.25 17:07	s/l	168	2.21	1.17922	1.17922	1.17264	-415.48	10008.30
412	2026.03.17 09:30	buy	169	0.33	1.14935	1.14638	1.15678	0.00	10008.30
413	2026.03.17 15:20	modify	169	0.33	1.14935	1.14945	1.15678	0.00	10008.30
414	2026.03.18 15:12	s/l	169	0.33	1.14945	1.14945	1.15678	0.55	10008.84
